0 | 0.000000
1 | 0.000001
2 | 0.000001
3 | 0.000002
4 | 0.000000
5 | 0.000001
6 | 0.000002
7 | 0.000001
8 | 0.000001
9 | 0.000003
10 | 0.000001
11 | 0.000001
12 | 0.000002
13 | 0.000001
14 | 0.000003
15 | 0.000001
16 | 0.000002
17 | 0.000003
18 | 0.000001
19 | 0.000002
20 | 0.000002
21 | 0.000001
22 | 0.000009
23 | 0.000002
24 | 0.000002
25 | 0.000002
26 | 0.000005
27 | 0.000002
28 | 0.000002
29 | 0.000002
30 | 0.000006
31 | 0.000002
32 | 0.000002
33 | 0.000002
34 | 0.000006
35 | 0.000002
36 | 0.000002
37 | 0.000002
38 | 0.000002
39 | 0.000002
40 | 0.000002
41 | 0.000010
42 | 0.000002
43 | 0.000009
44 | 0.000003
45 | 0.000003
46 | 0.000003
47 | 0.000004
48 | 0.000003
49 | 0.000009
50 | 0.000003
51 | 0.000003
52 | 0.000003
53 | 0.000009
54 | 0.000003
55 | 0.000003
56 | 0.000003
57 | 0.000003
58 | 0.000009
59 | 0.000003
60 | 0.000003
61 | 0.000003
62 | 0.000008
63 | 0.000004
64 | 0.000004
65 | 0.000004
66 | 0.000015
67 | 0.000004
68 | 0.000004
69 | 0.000004
70 | 0.000004
71 | 0.000004
72 | 0.000004
73 | 0.000015
74 | 0.000004
75 | 0.000004
76 | 0.000004
77 | 0.000004
78 | 0.000005
79 | 0.000015
80 | 0.000005
81 | 0.000005
82 | 0.000005
83 | 0.000005
84 | 0.000005
85 | 0.000016
86 | 0.000005
87 | 0.000005
88 | 0.000005
89 | 0.000005
90 | 0.000005
91 | 0.000030
92 | 0.000005
93 | 0.000005
94 | 0.000005
95 | 0.000005
96 | 0.000005
97 | 0.000005
98 | 0.000005
99 | 0.000006
100 | 0.000006
101 | 0.000006
102 | 0.000027
103 | 0.000006
104 | 0.000006
105 | 0.000006
106 | 0.000006
107 | 0.000006
108 | 0.000006
109 | 0.000008
110 | 0.000006
111 | 0.000027
112 | 0.000006
113 | 0.000006
114 | 0.000006
115 | 0.000006
116 | 0.000007
117 | 0.000007
118 | 0.000007
119 | 0.000007
120 | 0.000029
121 | 0.000009
122 | 0.000007
123 | 0.000007
124 | 0.000007
125 | 0.000007
126 | 0.000007
127 | 0.000007
128 | 0.000007
129 | 0.000007
130 | 0.000007
131 | 0.000007
132 | 0.000007
133 | 0.000007
134 | 0.000007
135 | 0.000008
136 | 0.000029
137 | 0.000008
138 | 0.000008
139 | 0.000008
140 | 0.000008
141 | 0.000008
142 | 0.000008
143 | 0.000008
144 | 0.000029
145 | 0.000008
146 | 0.000008
147 | 0.000008
148 | 0.000010
149 | 0.000008
150 | 0.000008
151 | 0.000030
152 | 0.000009
153 | 0.000009
154 | 0.000009
155 | 0.000009
156 | 0.000009
157 | 0.000009
158 | 0.000031
159 | 0.000009
160 | 0.000009
161 | 0.000009
162 | 0.000009
163 | 0.000009
164 | 0.000035
165 | 0.000009
166 | 0.000010
167 | 0.000010
168 | 0.000010
169 | 0.000010
170 | 0.000010
171 | 0.000034
172 | 0.000010
173 | 0.000010
174 | 0.000010
175 | 0.000010
176 | 0.000010
177 | 0.000032
178 | 0.000010
179 | 0.000010
180 | 0.000010
181 | 0.000010
182 | 0.000031
183 | 0.000010
184 | 0.000010
185 | 0.000010
186 | 0.000013
187 | 0.000010
188 | 0.000033
189 | 0.000010
190 | 0.000013
191 | 0.000011
192 | 0.000011
193 | 0.000011
194 | 0.000032
195 | 0.000011
196 | 0.000011
197 | 0.000011
198 | 0.000011
199 | 0.000033
200 | 0.000011
201 | 0.000011
202 | 0.000011
203 | 0.000011
204 | 0.000032
205 | 0.000011
206 | 0.000011
207 | 0.000011
208 | 0.000012
209 | 0.000038
210 | 0.000012
211 | 0.000012
212 | 0.000012
213 | 0.000012
214 | 0.000033
215 | 0.000012
216 | 0.000012
217 | 0.000012
218 | 0.000012
219 | 0.000034
220 | 0.000012
221 | 0.000012
222 | 0.000012
223 | 0.000013
224 | 0.000032
225 | 0.000013
226 | 0.000015
227 | 0.000013
228 | 0.000034
229 | 0.000013
230 | 0.000013
231 | 0.000013
232 | 0.000013
233 | 0.000036
234 | 0.000013
235 | 0.000013
236 | 0.000013
237 | 0.000035
238 | 0.000013
239 | 0.000013
240 | 0.000013
241 | 0.000035
242 | 0.000014
243 | 0.000014
244 | 0.000014
245 | 0.000014
246 | 0.000036
247 | 0.000014
248 | 0.000014
249 | 0.000014
250 | 0.000035
251 | 0.000014
252 | 0.000014
253 | 0.000014
254 | 0.000036
255 | 0.000014
256 | 0.000014
257 | 0.000016
258 | 0.000014
259 | 0.000039
260 | 0.000014
261 | 0.000014
262 | 0.000015
263 | 0.000036
264 | 0.000015
265 | 0.000015
266 | 0.000015
267 | 0.000036
268 | 0.000015
269 | 0.000015
270 | 0.000015
271 | 0.000038
272 | 0.000015
273 | 0.000015
274 | 0.000037
275 | 0.000015
276 | 0.000016
277 | 0.000016
278 | 0.000037
279 | 0.000015
280 | 0.000015
281 | 0.000017
282 | 0.000040
283 | 0.000016
284 | 0.000018
285 | 0.000016
286 | 0.000037
287 | 0.000016
288 | 0.000016
289 | 0.000041
290 | 0.000016
291 | 0.000016
292 | 0.000016
293 | 0.000038
294 | 0.000016
295 | 0.000018
296 | 0.000041
297 | 0.000017
298 | 0.000017
299 | 0.000065
300 | 0.000040
301 | 0.000017
302 | 0.000017
303 | 0.000038
304 | 0.000017
305 | 0.000017
306 | 0.000017
307 | 0.000038
308 | 0.000017
309 | 0.000019
310 | 0.000039
311 | 0.000017
312 | 0.000017
313 | 0.000039
314 | 0.000018
315 | 0.000018
316 | 0.000018
317 | 0.000040
318 | 0.000017
319 | 0.000018
320 | 0.000038
321 | 0.000020
322 | 0.000018
323 | 0.000039
324 | 0.000018
325 | 0.000018
326 | 0.000018
327 | 0.000039
328 | 0.000018
329 | 0.000018
330 | 0.000039
331 | 0.000018
332 | 0.000018
333 | 0.000042
334 | 0.000018
335 | 0.000018
336 | 0.000039
337 | 0.000018
338 | 0.000018
339 | 0.000040
340 | 0.000019
341 | 0.000019
342 | 0.000020
343 | 0.000040
344 | 0.000021
345 | 0.000019
346 | 0.000040
347 | 0.000019
348 | 0.000019
349 | 0.000042
350 | 0.000019
351 | 0.000019
352 | 0.000044
353 | 0.000019
354 | 0.000019
355 | 0.000041
356 | 0.000019
357 | 0.000021
358 | 0.000042
359 | 0.000020
360 | 0.000020
361 | 0.000041
362 | 0.000021
363 | 0.000021
364 | 0.000042
365 | 0.000024
366 | 0.000044
367 | 0.000020
368 | 0.000021
369 | 0.000042
370 | 0.000021
371 | 0.000021
372 | 0.000041
373 | 0.000021
374 | 0.000021
375 | 0.000044
376 | 0.000021
377 | 0.000021
378 | 0.000042
379 | 0.000021
380 | 0.000025
381 | 0.000043
382 | 0.000021
383 | 0.000042
384 | 0.000021
385 | 0.000023
386 | 0.000044
387 | 0.000023
388 | 0.000023
389 | 0.000043
390 | 0.000021
391 | 0.000022
392 | 0.000043
393 | 0.000022
394 | 0.000044
395 | 0.000022
396 | 0.000022
397 | 0.000237
398 | 0.000038
399 | 0.000040
400 | 0.000074
401 | 0.000030
402 | 0.000022
403 | 0.000049
404 | 0.000023
405 | 0.000050
406 | 0.000023
407 | 0.000030
408 | 0.000044
409 | 0.000029
410 | 0.000066
411 | 0.000023
412 | 0.000023
413 | 0.000045
414 | 0.000023
415 | 0.000047
416 | 0.000023
417 | 0.000023
418 | 0.000044
419 | 0.000024
420 | 0.000045
421 | 0.000023
422 | 0.000023
423 | 0.000046
424 | 0.000026
425 | 0.000054
426 | 0.000023
427 | 0.000023
428 | 0.000046
429 | 0.000023
430 | 0.000050
431 | 0.000024
432 | 0.000030
433 | 0.000055
434 | 0.000024
435 | 0.000051
436 | 0.000024
437 | 0.000024
438 | 0.000047
439 | 0.000024
440 | 0.000052
441 | 0.000030
442 | 0.000049
443 | 0.000034
444 | 0.000025
445 | 0.000059
446 | 0.000029
447 | 0.000055
448 | 0.000029
449 | 0.000026
450 | 0.000051
451 | 0.000025
452 | 0.000054
453 | 0.000025
454 | 0.000047
455 | 0.000025
456 | 0.000049
457 | 0.000025
458 | 0.000025
459 | 0.000047
460 | 0.000025
461 | 0.000046
462 | 0.000025
463 | 0.000047
464 | 0.000025
465 | 0.000028
466 | 0.000050
467 | 0.000026
468 | 0.000048
469 | 0.000026
470 | 0.000054
471 | 0.000026
472 | 0.000054
473 | 0.000029
474 | 0.000026
475 | 0.000059
476 | 0.000027
477 | 0.000095
478 | 0.000043
479 | 0.000085
480 | 0.000045
481 | 0.000111
482 | 0.000074
483 | 0.000030
484 | 0.000113
485 | 0.000035
486 | 0.000101
487 | 0.000027
488 | 0.000063
489 | 0.000030
490 | 0.000081
491 | 0.000029
492 | 0.000060
493 | 0.000043
494 | 0.000126
495 | 0.000054
496 | 0.000097
497 | 0.000049
498 | 0.000049
499 | 0.000096
500 | 0.000049
501 | 0.000098
502 | 0.000033
503 | 0.000081
504 | 0.000032
505 | 0.000071
506 | 0.000028
507 | 0.000058
508 | 0.000028
509 | 0.000063
510 | 0.000028
511 | 0.000081
512 | 0.000030
513 | 0.000071
514 | 0.000028
515 | 0.000056
516 | 0.000037
517 | 0.000030
518 | 0.000059
519 | 0.000030
520 | 0.000059
521 | 0.000029
522 | 0.000061
523 | 0.000029
524 | 0.000060
525 | 0.000029
526 | 0.000082
527 | 0.000029
528 | 0.000066
529 | 0.000032
530 | 0.000132
531 | 0.000052
532 | 0.000078
533 | 0.000029
534 | 0.000052
535 | 0.000029
536 | 0.000053
537 | 0.000029
538 | 0.000055
539 | 0.000031
540 | 0.000054
541 | 0.000029
542 | 0.000064
543 | 0.000032
544 | 0.000064
545 | 0.000030
546 | 0.000053
547 | 0.000030
548 | 0.000062
549 | 0.000030
550 | 0.000057
551 | 0.000030
552 | 0.000066
553 | 0.000030
554 | 0.000059
555 | 0.000031
556 | 0.000060
557 | 0.000030
558 | 0.000054
559 | 0.000059
560 | 0.000031
561 | 0.000052
562 | 0.000031
563 | 0.000053
564 | 0.000031
565 | 0.000052
566 | 0.000033
567 | 0.000053
568 | 0.000031
569 | 0.000053
570 | 0.000031
571 | 0.000053
572 | 0.000031
573 | 0.000055
574 | 0.000031
575 | 0.000053
576 | 0.000031
577 | 0.000052
578 | 0.000053
579 | 0.000031
580 | 0.000062
581 | 0.000031
582 | 0.000056
583 | 0.000032
584 | 0.000053
585 | 0.000032
586 | 0.000055
587 | 0.000032
588 | 0.000054
589 | 0.000057
590 | 0.000032
591 | 0.000052
592 | 0.000032
593 | 0.000056
594 | 0.000032
595 | 0.000055
596 | 0.000032
597 | 0.000055
598 | 0.000054
599 | 0.000032
600 | 0.000056
601 | 0.000033
602 | 0.000056
603 | 0.000032
604 | 0.000055
605 | 0.000033
606 | 0.000057
607 | 0.000058
608 | 0.000033
609 | 0.000056
610 | 0.000033
611 | 0.000055
612 | 0.000035
613 | 0.000054
614 | 0.000055
615 | 0.000033
616 | 0.000055
617 | 0.000034
618 | 0.000055
619 | 0.000035
620 | 0.000056
621 | 0.000056
622 | 0.000034
623 | 0.000055
624 | 0.000034
625 | 0.000057
626 | 0.000050
627 | 0.000057
628 | 0.000057
629 | 0.000035
630 | 0.000058
631 | 0.000037
632 | 0.000058
633 | 0.000059
634 | 0.000035
635 | 0.000061
636 | 0.000035
637 | 0.000059
638 | 0.000059
639 | 0.000036
640 | 0.000059
641 | 0.000037
642 | 0.000058
643 | 0.000076
644 | 0.000037
645 | 0.000061
646 | 0.000037
647 | 0.000059
648 | 0.000059
649 | 0.000039
650 | 0.000059
651 | 0.000037
652 | 0.000059
653 | 0.000059
654 | 0.000053
655 | 0.000066
656 | 0.000037
657 | 0.000060
658 | 0.000060
659 | 0.000037
660 | 0.000060
661 | 0.000039
662 | 0.000069
663 | 0.000062
664 | 0.000038
665 | 0.000062
666 | 0.000062
667 | 0.000038
668 | 0.000063
669 | 0.000039
670 | 0.000061
671 | 0.000060
672 | 0.000040
673 | 0.000061
674 | 0.000064
675 | 0.000038
676 | 0.000077
677 | 0.000062
678 | 0.000042
679 | 0.000062
680 | 0.000040
681 | 0.000062
682 | 0.000062
683 | 0.000040
684 | 0.000157
685 | 0.000070
686 | 0.000056
687 | 0.000098
688 | 0.000093
689 | 0.000063
690 | 0.000097
691 | 0.000091
692 | 0.000059
693 | 0.000094
694 | 0.000097
695 | 0.000069
696 | 0.000092
697 | 0.000091
698 | 0.000065
699 | 0.000114
700 | 0.000059
701 | 0.000092
702 | 0.000087
703 | 0.000057
704 | 0.000091
705 | 0.000098
706 | 0.000062
707 | 0.000091
708 | 0.000084
709 | 0.000045
710 | 0.000098
711 | 0.000067
712 | 0.000040
713 | 0.000069
714 | 0.000082
715 | 0.000091
716 | 0.000042
717 | 0.000063
718 | 0.000061
719 | 0.000039
720 | 0.000061
721 | 0.000063
722 | 0.000039
723 | 0.000061
724 | 0.000061
725 | 0.000039
726 | 0.000064
727 | 0.000063
728 | 0.000039
729 | 0.000061
730 | 0.000064
731 | 0.000043
732 | 0.000076
733 | 0.000103
734 | 0.000117
735 | 0.000089
736 | 0.000139
737 | 0.000076
738 | 0.000051
739 | 0.000141
740 | 0.000113
741 | 0.000077
742 | 0.000115
743 | 0.000170
744 | 0.000092
745 | 0.000128
746 | 0.000102
747 | 0.000069
748 | 0.000100
749 | 0.000099
750 | 0.000100
751 | 0.000071
752 | 0.000101
753 | 0.000112
754 | 0.000079
755 | 0.000106
756 | 0.000110
757 | 0.000104
758 | 0.000074
759 | 0.000106
760 | 0.000105
761 | 0.000105
762 | 0.000071
763 | 0.000104
764 | 0.000110
765 | 0.000074
766 | 0.000105
767 | 0.000133
768 | 0.000101
769 | 0.000070
770 | 0.000111
771 | 0.000117
772 | 0.000073
773 | 0.000116
774 | 0.000120
775 | 0.000113
776 | 0.000084
777 | 0.000112
778 | 0.000114
779 | 0.000116
780 | 0.000080
781 | 0.000110
782 | 0.000107
783 | 0.000113
784 | 0.000083
785 | 0.000112
786 | 0.000113
787 | 0.000116
788 | 0.000074
789 | 0.000098
790 | 0.000109
791 | 0.000105
792 | 0.000071
793 | 0.000105
794 | 0.000070
795 | 0.000070
796 | 0.000043
797 | 0.000064
798 | 0.000068
799 | 0.000065
800 | 0.000043
801 | 0.000071
802 | 0.000063
803 | 0.000045
804 | 0.000067
805 | 0.000068
806 | 0.000066
807 | 0.000067
808 | 0.000044
809 | 0.000067
810 | 0.000068
811 | 0.000069
812 | 0.000048
813 | 0.000068
814 | 0.000069
815 | 0.000065
816 | 0.000045
817 | 0.000068
818 | 0.000066
819 | 0.000067
820 | 0.000066
821 | 0.000044
822 | 0.000067
823 | 0.000066
824 | 0.000066
825 | 0.000045
826 | 0.000065
827 | 0.000069
828 | 0.000068
829 | 0.000074
830 | 0.000046
831 | 0.000073
832 | 0.000070
833 | 0.000071
834 | 0.000067
835 | 0.000046
836 | 0.000069
837 | 0.000067
838 | 0.000068
839 | 0.000045
840 | 0.000067
841 | 0.000070
842 | 0.000067
843 | 0.000067
844 | 0.000045
845 | 0.000071
846 | 0.000071
847 | 0.000070
848 | 0.000047
849 | 0.000079
850 | 0.000073
851 | 0.000068
852 | 0.000074
853 | 0.000069
854 | 0.000050
855 | 0.000073
856 | 0.000071
857 | 0.000069
858 | 0.000069
859 | 0.000049
860 | 0.000072
861 | 0.000110
862 | 0.000081
863 | 0.000068
864 | 0.000076
865 | 0.000048
866 | 0.000076
867 | 0.000075
868 | 0.000071
869 | 0.000073
870 | 0.000048
871 | 0.000083
872 | 0.000073
873 | 0.000073
874 | 0.000082
875 | 0.000073
876 | 0.000051
877 | 0.000075
878 | 0.000070
879 | 0.000072
880 | 0.000074
881 | 0.000088
882 | 0.000049
883 | 0.000075
884 | 0.000074
885 | 0.000071
886 | 0.000075
887 | 0.000053
888 | 0.000073
889 | 0.000075
890 | 0.000073
891 | 0.000070
892 | 0.000074
893 | 0.000078
894 | 0.000049
895 | 0.000073
896 | 0.000074
897 | 0.000077
898 | 0.000084
899 | 0.000073
900 | 0.000051
901 | 0.000074
902 | 0.000076
903 | 0.000074
904 | 0.000072
905 | 0.000071
906 | 0.000075
907 | 0.000072
908 | 0.000049
909 | 0.000072
910 | 0.000074
911 | 0.000071
912 | 0.000074
913 | 0.000077
914 | 0.000049
915 | 0.000072
916 | 0.000070
917 | 0.000072
918 | 0.000075
919 | 0.000075
920 | 0.000074
921 | 0.000051
922 | 0.000073
923 | 0.000074
924 | 0.000073
925 | 0.000072
926 | 0.000073
927 | 0.000073
928 | 0.000071
929 | 0.000051
930 | 0.000071
931 | 0.000074
932 | 0.000071
933 | 0.000072
934 | 0.000073
935 | 0.000075
936 | 0.000079
937 | 0.000074
938 | 0.000055
939 | 0.000076
940 | 0.000077
941 | 0.000078
942 | 0.000074
943 | 0.000073
944 | 0.000078
945 | 0.000074
946 | 0.000051
947 | 0.000071
948 | 0.000082
949 | 0.000086
950 | 0.000078
951 | 0.000074
952 | 0.000078
953 | 0.000078
954 | 0.000073
955 | 0.000076
956 | 0.000054
957 | 0.000074
958 | 0.000074
959 | 0.000076
960 | 0.000076
961 | 0.000073
962 | 0.000074
963 | 0.000072
964 | 0.000076
965 | 0.000073
966 | 0.000074
967 | 0.000053
968 | 0.000076
969 | 0.000079
970 | 0.000078
971 | 0.000076
972 | 0.000077
973 | 0.000077
974 | 0.000081
975 | 0.000081
976 | 0.000078
977 | 0.000054
978 | 0.000079
979 | 0.000077
980 | 0.000079
981 | 0.000077
982 | 0.000074
983 | 0.000077
984 | 0.000078
985 | 0.000079
986 | 0.000083
987 | 0.000076
988 | 0.000080
989 | 0.000078
990 | 0.000076
991 | 0.000076
992 | 0.000081
993 | 0.000077
994 | 0.000054
995 | 0.000076
996 | 0.000084
997 | 0.000076
998 | 0.000075
999 | 0.000076
1000 | 0.000081
1001 | 0.000079
1002 | 0.000080
1003 | 0.000082
1004 | 0.000078
1005 | 0.000078
1006 | 0.000082
1007 | 0.000081
1008 | 0.000058
1009 | 0.000078
1010 | 0.000080
1011 | 0.000083
1012 | 0.000081
1013 | 0.000079
1014 | 0.000077
1015 | 0.000082
1016 | 0.000082
1017 | 0.000080
1018 | 0.000080
1019 | 0.000082
1020 | 0.000082
1021 | 0.000083
1022 | 0.000083
1023 | 0.000083
1024 | 0.000081
1025 | 0.000082
1026 | 0.000087
1027 | 0.000081
1028 | 0.000080
1029 | 0.000079
1030 | 0.000086
1031 | 0.000081
1032 | 0.000084
1033 | 0.000083
1034 | 0.000058
1035 | 0.000082
1036 | 0.000081
1037 | 0.000084
1038 | 0.000082
1039 | 0.000081
1040 | 0.000081
1041 | 0.000083
1042 | 0.000080
1043 | 0.000081
1044 | 0.000087
1045 | 0.000085
1046 | 0.000079
1047 | 0.000130
1048 | 0.000162
1049 | 0.000134
1050 | 0.000135
1051 | 0.000117
1052 | 0.000081
1053 | 0.000083
1054 | 0.000083
1055 | 0.000083
1056 | 0.000084
1057 | 0.000084
1058 | 0.000082
1059 | 0.000082
1060 | 0.000081
1061 | 0.000084
1062 | 0.000084
1063 | 0.000084
1064 | 0.000087
1065 | 0.000086
1066 | 0.000085
1067 | 0.000082
1068 | 0.000082
1069 | 0.000083
1070 | 0.000087
1071 | 0.000083
1072 | 0.000081
1073 | 0.000083
1074 | 0.000084
1075 | 0.000086
1076 | 0.000082
1077 | 0.000083
1078 | 0.000082
1079 | 0.000085
1080 | 0.000083
1081 | 0.000088
1082 | 0.000083
1083 | 0.000083
1084 | 0.000083
1085 | 0.000087
1086 | 0.000084
1087 | 0.000083
1088 | 0.000084
1089 | 0.000083
1090 | 0.000083
1091 | 0.000084
1092 | 0.000084
1093 | 0.000084
1094 | 0.000088
1095 | 0.000085
1096 | 0.000084
1097 | 0.000086
1098 | 0.000084
1099 | 0.000087
1100 | 0.000085
1101 | 0.000085
1102 | 0.000086
1103 | 0.000088
1104 | 0.000084
1105 | 0.000088
1106 | 0.000088
1107 | 0.000087
1108 | 0.000084
1109 | 0.000084
1110 | 0.000087
1111 | 0.000085
1112 | 0.000086
1113 | 0.000088
1114 | 0.000084
1115 | 0.000086
1116 | 0.000084
1117 | 0.000091
1118 | 0.000110
1119 | 0.000091
1120 | 0.000088
1121 | 0.000086
1122 | 0.000086
1123 | 0.000089
1124 | 0.000088
1125 | 0.000087
1126 | 0.000085
1127 | 0.000088
1128 | 0.000087
1129 | 0.000086
1130 | 0.000087
1131 | 0.000089
1132 | 0.000086
1133 | 0.000091
1134 | 0.000086
1135 | 0.000087
1136 | 0.000085
1137 | 0.000087
1138 | 0.000088
1139 | 0.000112
1140 | 0.000087
1141 | 0.000088
1142 | 0.000088
1143 | 0.000088
1144 | 0.000087
1145 | 0.000086
1146 | 0.000087
1147 | 0.000085
1148 | 0.000100
1149 | 0.000089
1150 | 0.000088
1151 | 0.000089
1152 | 0.000088
1153 | 0.000087
1154 | 0.000113
1155 | 0.000088
1156 | 0.000088
1157 | 0.000087
1158 | 0.000090
1159 | 0.000088
1160 | 0.000090
1161 | 0.000088
1162 | 0.000088
1163 | 0.000088
1164 | 0.000088
1165 | 0.000091
1166 | 0.000086
1167 | 0.000121
1168 | 0.000092
1169 | 0.000091
1170 | 0.000091
1171 | 0.000088
1172 | 0.000089
1173 | 0.000088
1174 | 0.000088
1175 | 0.000088
1176 | 0.000090
1177 | 0.000091
1178 | 0.000116
1179 | 0.000091
1180 | 0.000089
1181 | 0.000089
1182 | 0.000089
1183 | 0.000089
1184 | 0.000089
1185 | 0.000090
1186 | 0.000088
1187 | 0.000089
1188 | 0.000115
1189 | 0.000088
1190 | 0.000089
1191 | 0.000090
1192 | 0.000089
1193 | 0.000092
1194 | 0.000089
1195 | 0.000092
1196 | 0.000091
1197 | 0.000116
1198 | 0.000092
1199 | 0.000150
1200 | 0.000123
1201 | 0.000094
1202 | 0.000092
1203 | 0.000091
1204 | 0.000101
1205 | 0.000114
1206 | 0.000106
1207 | 0.000095
1208 | 0.000117
1209 | 0.000092
1210 | 0.000094
1211 | 0.000091
1212 | 0.000091
1213 | 0.000118
1214 | 0.000091
1215 | 0.000096
1216 | 0.000091
1217 | 0.000093
1218 | 0.000091
1219 | 0.000111
1220 | 0.000095
1221 | 0.000121
1222 | 0.000099
1223 | 0.000097
1224 | 0.000095
1225 | 0.000093
1226 | 0.000100
1227 | 0.000097
1228 | 0.000124
1229 | 0.000097
1230 | 0.000095
1231 | 0.000096
1232 | 0.000100
1233 | 0.000100
1234 | 0.000095
1235 | 0.000121
1236 | 0.000095
1237 | 0.000110
1238 | 0.000096
1239 | 0.000101
1240 | 0.000097
1241 | 0.000095
1242 | 0.000130
1243 | 0.000102
1244 | 0.000096
1245 | 0.000110
1246 | 0.000115
1247 | 0.000100
1248 | 0.000130
1249 | 0.000097
1250 | 0.000096
1251 | 0.000100
1252 | 0.000097
1253 | 0.000097
1254 | 0.000145
1255 | 0.000116
1256 | 0.000104
1257 | 0.000116
1258 | 0.000102
1259 | 0.000103
1260 | 0.000148
1261 | 0.000133
1262 | 0.000114
1263 | 0.000123
1264 | 0.000129
1265 | 0.000122
1266 | 0.000168
1267 | 0.000117
1268 | 0.000100
1269 | 0.000114
1270 | 0.000100
1271 | 0.000102
1272 | 0.000125
1273 | 0.000104
1274 | 0.000097
1275 | 0.000098
1276 | 0.000100
1277 | 0.000128
1278 | 0.000099
1279 | 0.000100
1280 | 0.000100
1281 | 0.000098
1282 | 0.000103
1283 | 0.000127
1284 | 0.000100
1285 | 0.000104
1286 | 0.000099
1287 | 0.000100
1288 | 0.000123
1289 | 0.000101
1290 | 0.000098
1291 | 0.000100
1292 | 0.000104
1293 | 0.000126
1294 | 0.000099
1295 | 0.000103
1296 | 0.000106
1297 | 0.000098
1298 | 0.000132
1299 | 0.000105
1300 | 0.000099
1301 | 0.000111
1302 | 0.000100
1303 | 0.000125
1304 | 0.000103
1305 | 0.000101
1306 | 0.000101
1307 | 0.000132
1308 | 0.000104
1309 | 0.000104
1310 | 0.000122
1311 | 0.000109
1312 | 0.000132
1313 | 0.000111
1314 | 0.000112
1315 | 0.000109
1316 | 0.000137
1317 | 0.000107
1318 | 0.000122
1319 | 0.000105
1320 | 0.000111
1321 | 0.000134
1322 | 0.000105
1323 | 0.000175
1324 | 0.000160
1325 | 0.000138
1326 | 0.000107
1327 | 0.000102
1328 | 0.000104
1329 | 0.000138
1330 | 0.000107
1331 | 0.000105
1332 | 0.000107
1333 | 0.000131
1334 | 0.000103
1335 | 0.000104
1336 | 0.000107
1337 | 0.000130
1338 | 0.000111
1339 | 0.000108
1340 | 0.000122
1341 | 0.000105
1342 | 0.000148
1343 | 0.000110
1344 | 0.000106
1345 | 0.000138
1346 | 0.000114
1347 | 0.000108
1348 | 0.000107
1349 | 0.000137
1350 | 0.000125
1351 | 0.000106
1352 | 0.000108
1353 | 0.000133
1354 | 0.000118
1355 | 0.000111
1356 | 0.000107
1357 | 0.000132
1358 | 0.000107
1359 | 0.000108
1360 | 0.000104
1361 | 0.000133
1362 | 0.000108
1363 | 0.000108
1364 | 0.000108
1365 | 0.000158
1366 | 0.000123
1367 | 0.000109
1368 | 0.000138
1369 | 0.000115
1370 | 0.000105
1371 | 0.000106
1372 | 0.000130
1373 | 0.000105
1374 | 0.000102
1375 | 0.000104
1376 | 0.000127
1377 | 0.000110
1378 | 0.000108
1379 | 0.000139
1380 | 0.000107
1381 | 0.000109
1382 | 0.000107
1383 | 0.000135
1384 | 0.000111
1385 | 0.000106
1386 | 0.000138
1387 | 0.000108
1388 | 0.000103
1389 | 0.000126
1390 | 0.000142
1391 | 0.000114
1392 | 0.000110
1393 | 0.000125
1394 | 0.000107
1395 | 0.000106
1396 | 0.000125
1397 | 0.000104
1398 | 0.000105
1399 | 0.000125
1400 | 0.000105
1401 | 0.000106
1402 | 0.000132
1403 | 0.000107
1404 | 0.000103
1405 | 0.000130
1406 | 0.000109
1407 | 0.000113
1408 | 0.000135
1409 | 0.000113
1410 | 0.000121
1411 | 0.000111
1412 | 0.000133
1413 | 0.000109
1414 | 0.000107
1415 | 0.000136
1416 | 0.000109
1417 | 0.000114
1418 | 0.000126
1419 | 0.000107
1420 | 0.000108
1421 | 0.000127
1422 | 0.000133
1423 | 0.000110
1424 | 0.000133
1425 | 0.000108
1426 | 0.000107
1427 | 0.000127
1428 | 0.000108
1429 | 0.000105
1430 | 0.000129
1431 | 0.000113
1432 | 0.000110
1433 | 0.000146
1434 | 0.000253
1435 | 0.000152
1436 | 0.000154
1437 | 0.000107
1438 | 0.000113
1439 | 0.000131
1440 | 0.000106
1441 | 0.000110
1442 | 0.000138
1443 | 0.000110
1444 | 0.000149
1445 | 0.000102
1446 | 0.000134
1447 | 0.000130
1448 | 0.000104
1449 | 0.000104
1450 | 0.000123
1451 | 0.000105
1452 | 0.000105
1453 | 0.000124
1454 | 0.000104
1455 | 0.000104
1456 | 0.000129
1457 | 0.000115
1458 | 0.000125
1459 | 0.000102
1460 | 0.000108
1461 | 0.000126
1462 | 0.000103
1463 | 0.000105
1464 | 0.000124
1465 | 0.000133
1466 | 0.000135
1467 | 0.000103
1468 | 0.000107
1469 | 0.000127
1470 | 0.000105
1471 | 0.000105
1472 | 0.000127
1473 | 0.000125
1474 | 0.000124
1475 | 0.000104
1476 | 0.000114
1477 | 0.000128
1478 | 0.000105
1479 | 0.000101
1480 | 0.000123
1481 | 0.000105
1482 | 0.000127
1483 | 0.000101
1484 | 0.000104
1485 | 0.000121
1486 | 0.000103
1487 | 0.000132
1488 | 0.000103
1489 | 0.000105
1490 | 0.000137
1491 | 0.000111
1492 | 0.000132
1493 | 0.000106
1494 | 0.000108
1495 | 0.000131
1496 | 0.000118
1497 | 0.000132
1498 | 0.000104
1499 | 0.000103
1500 | 0.000128
1501 | 0.000105
1502 | 0.000129
1503 | 0.000102
1504 | 0.000102
1505 | 0.000128
1506 | 0.000102
1507 | 0.000141
1508 | 0.000108
1509 | 0.000129
1510 | 0.000106
1511 | 0.000107
1512 | 0.000125
1513 | 0.000107
1514 | 0.000128
1515 | 0.000101
1516 | 0.000104
1517 | 0.000149
1518 | 0.000111
1519 | 0.000133
1520 | 0.000103
1521 | 0.000112
1522 | 0.000134
1523 | 0.000112
1524 | 0.000129
1525 | 0.000104
1526 | 0.000107
1527 | 0.000124
1528 | 0.000109
1529 | 0.000157
1530 | 0.000104
1531 | 0.000133
1532 | 0.000109
1533 | 0.000108
1534 | 0.000127
1535 | 0.000105
1536 | 0.000133
1537 | 0.000105
1538 | 0.000108
1539 | 0.000141
1540 | 0.000105
1541 | 0.000133
1542 | 0.000111
1543 | 0.000132
1544 | 0.000107
1545 | 0.000107
1546 | 0.000129
1547 | 0.000105
1548 | 0.000131
1549 | 0.000125
1550 | 0.000130
1551 | 0.000306
1552 | 0.000174
1553 | 0.000108
1554 | 0.000112
1555 | 0.000134
1556 | 0.000110
1557 | 0.000130
1558 | 0.000113
1559 | 0.000132
1560 | 0.000108
1561 | 0.000109
1562 | 0.000130
1563 | 0.000108
1564 | 0.000130
1565 | 0.000107
1566 | 0.000130
1567 | 0.000106
1568 | 0.000138
1569 | 0.000118
1570 | 0.000133
1571 | 0.000107
1572 | 0.000114
1573 | 0.000129
1574 | 0.000110
1575 | 0.000127
1576 | 0.000107
1577 | 0.000125
1578 | 0.000108
1579 | 0.000141
1580 | 0.000114
1581 | 0.000132
1582 | 0.000108
1583 | 0.000135
1584 | 0.000122
1585 | 0.000116
1586 | 0.000137
1587 | 0.000111
1588 | 0.000128
1589 | 0.000117
1590 | 0.000149
1591 | 0.000112
1592 | 0.000135
1593 | 0.000109
1594 | 0.000133
1595 | 0.000108
1596 | 0.000132
1597 | 0.000111
1598 | 0.000132
1599 | 0.000114
1600 | 0.000141
1601 | 0.000115
1602 | 0.000134
1603 | 0.000112
1604 | 0.000131
1605 | 0.000109
1606 | 0.000134
1607 | 0.000110
1608 | 0.000133
1609 | 0.000112
1610 | 0.000113
1611 | 0.000150
1612 | 0.000110
1613 | 0.000134
1614 | 0.000112
1615 | 0.000130
1616 | 0.000112
1617 | 0.000132
1618 | 0.000113
1619 | 0.000134
1620 | 0.000108
1621 | 0.000159
1622 | 0.000112
1623 | 0.000138
1624 | 0.000112
1625 | 0.000129
1626 | 0.000131
1627 | 0.000111
1628 | 0.000137
1629 | 0.000112
1630 | 0.000148
1631 | 0.000117
1632 | 0.000138
1633 | 0.000113
1634 | 0.000129
1635 | 0.000111
1636 | 0.000138
1637 | 0.000110
1638 | 0.000138
1639 | 0.000111
1640 | 0.000136
1641 | 0.000109
1642 | 0.000156
1643 | 0.000113
1644 | 0.000136
1645 | 0.000114
1646 | 0.000134
1647 | 0.000115
1648 | 0.000133
1649 | 0.000135
1650 | 0.000115
1651 | 0.000143
1652 | 0.000122
1653 | 0.000132
1654 | 0.000114
1655 | 0.000138
1656 | 0.000113
1657 | 0.000137
1658 | 0.000113
1659 | 0.000140
1660 | 0.000111
1661 | 0.000193
1662 | 0.000134
1663 | 0.000131
1664 | 0.000134
1665 | 0.000120
1666 | 0.000137
1667 | 0.000112
1668 | 0.000134
1669 | 0.000113
1670 | 0.000133
1671 | 0.000129
1672 | 0.000131
1673 | 0.000135
1674 | 0.000113
1675 | 0.000138
1676 | 0.000114
1677 | 0.000136
1678 | 0.000113
1679 | 0.000137
1680 | 0.000118
1681 | 0.000133
1682 | 0.000134
1683 | 0.000118
1684 | 0.000136
1685 | 0.000119
1686 | 0.000140
1687 | 0.000119
1688 | 0.000134
1689 | 0.000140
1690 | 0.000113
1691 | 0.000145
1692 | 0.000116
1693 | 0.000139
1694 | 0.000118
1695 | 0.000138
1696 | 0.000143
1697 | 0.000119
1698 | 0.000139
1699 | 0.000115
1700 | 0.000137
1701 | 0.000123
1702 | 0.000140
1703 | 0.000140
1704 | 0.000115
1705 | 0.000143
1706 | 0.000113
1707 | 0.000140
1708 | 0.000117
1709 | 0.000139
1710 | 0.000139
1711 | 0.000115
1712 | 0.000141
1713 | 0.000121
1714 | 0.000138
1715 | 0.000143
1716 | 0.000115
1717 | 0.000141
1718 | 0.000116
1719 | 0.000138
1720 | 0.000144
1721 | 0.000116
1722 | 0.000145
1723 | 0.000116
1724 | 0.000141
1725 | 0.000140
1726 | 0.000116
1727 | 0.000141
1728 | 0.000117
1729 | 0.000141
1730 | 0.000138
1731 | 0.000124
1732 | 0.000142
1733 | 0.000119
1734 | 0.000139
1735 | 0.000139
1736 | 0.000118
1737 | 0.000141
1738 | 0.000116
1739 | 0.000144
1740 | 0.000146
1741 | 0.000118
1742 | 0.000145
1743 | 0.000121
1744 | 0.000139
1745 | 0.000144
1746 | 0.000118
1747 | 0.000142
1748 | 0.000143
1749 | 0.000120
1750 | 0.000140
1751 | 0.000118
1752 | 0.000143
1753 | 0.000146
1754 | 0.000119
1755 | 0.000140
1756 | 0.000148
1757 | 0.000130
1758 | 0.000154
1759 | 0.000131
1760 | 0.000197
1761 | 0.000164
1762 | 0.000125
1763 | 0.000143
1764 | 0.000143
1765 | 0.000185
1766 | 0.000153
1767 | 0.000147
1768 | 0.000121
1769 | 0.000158
1770 | 0.000145
1771 | 0.000119
1772 | 0.000145
1773 | 0.000119
1774 | 0.000146
1775 | 0.000151
1776 | 0.000119
1777 | 0.000141
1778 | 0.000142
1779 | 0.000125
1780 | 0.000141
1781 | 0.000145
1782 | 0.000120
1783 | 0.000141
1784 | 0.000151
1785 | 0.000119
1786 | 0.000143
1787 | 0.000146
1788 | 0.000120
1789 | 0.000145
1790 | 0.000142
1791 | 0.000121
1792 | 0.000139
1793 | 0.000151
1794 | 0.000123
1795 | 0.000143
1796 | 0.000148
1797 | 0.000121
1798 | 0.000153
1799 | 0.000170
1800 | 0.000119
1801 | 0.000142
1802 | 0.000146
1803 | 0.000119
1804 | 0.000140
1805 | 0.000145
1806 | 0.000119
1807 | 0.000143
1808 | 0.000142
1809 | 0.000127
1810 | 0.000148
1811 | 0.000145
1812 | 0.000123
1813 | 0.000142
1814 | 0.000147
1815 | 0.000124
1816 | 0.000147
1817 | 0.000140
1818 | 0.000141
1819 | 0.000123
1820 | 0.000150
1821 | 0.000149
1822 | 0.000123
1823 | 0.000144
1824 | 0.000147
1825 | 0.000124
1826 | 0.000141
1827 | 0.000142
1828 | 0.000121
1829 | 0.000146
1830 | 0.000151
1831 | 0.000146
1832 | 0.000124
1833 | 0.000145
1834 | 0.000146
1835 | 0.000122
1836 | 0.000141
1837 | 0.000140
1838 | 0.000125
1839 | 0.000155
1840 | 0.000153
1841 | 0.000146
1842 | 0.000123
1843 | 0.000149
1844 | 0.000142
1845 | 0.000124
1846 | 0.000146
1847 | 0.000155
1848 | 0.000151
1849 | 0.000136
1850 | 0.000149
1851 | 0.000153
1852 | 0.000123
1853 | 0.000146
1854 | 0.000145
1855 | 0.000148
1856 | 0.000124
1857 | 0.000158
1858 | 0.000146
1859 | 0.000123
1860 | 0.000149
1861 | 0.000146
1862 | 0.000251
1863 | 0.000180
1864 | 0.000154
1865 | 0.000171
1866 | 0.000131
1867 | 0.000150
1868 | 0.000151
1869 | 0.000151
1870 | 0.000121
1871 | 0.000147
1872 | 0.000152
1873 | 0.000144
1874 | 0.000124
1875 | 0.000151
1876 | 0.000152
1877 | 0.000146
1878 | 0.000129
1879 | 0.000142
1880 | 0.000150
1881 | 0.000152
1882 | 0.000128
1883 | 0.000150
1884 | 0.000153
1885 | 0.000149
1886 | 0.000123
1887 | 0.000149
1888 | 0.000150
1889 | 0.000149
1890 | 0.000129
1891 | 0.000149
1892 | 0.000151
1893 | 0.000148
1894 | 0.000124
1895 | 0.000150
1896 | 0.000150
1897 | 0.000151
1898 | 0.000127
1899 | 0.000148
1900 | 0.000150
1901 | 0.000154
1902 | 0.000124
1903 | 0.000152
1904 | 0.000148
1905 | 0.000151
1906 | 0.000149
1907 | 0.000129
1908 | 0.000151
1909 | 0.000152
1910 | 0.000148
1911 | 0.000130
1912 | 0.000151
1913 | 0.000151
1914 | 0.000150
1915 | 0.000130
1916 | 0.000161
1917 | 0.000155
1918 | 0.000151
1919 | 0.000149
1920 | 0.000128
1921 | 0.000149
1922 | 0.000151
1923 | 0.000151
1924 | 0.000150
1925 | 0.000129
1926 | 0.000153
1927 | 0.000148
1928 | 0.000154
1929 | 0.000128
1930 | 0.000162
1931 | 0.000151
1932 | 0.000152
1933 | 0.000151
1934 | 0.000131
1935 | 0.000148
1936 | 0.000181
1937 | 0.000144
1938 | 0.000150
1939 | 0.000125
1940 | 0.000147
1941 | 0.000152
1942 | 0.000153
1943 | 0.000148
1944 | 0.000129
1945 | 0.000152
1946 | 0.000154
1947 | 0.000147
1948 | 0.000154
1949 | 0.000151
1950 | 0.000154
1951 | 0.000154
1952 | 0.000153
1953 | 0.000147
1954 | 0.000153
1955 | 0.000129
1956 | 0.000151
1957 | 0.000149
1958 | 0.000294
1959 | 0.000260
1960 | 0.000163
1961 | 0.000129
1962 | 0.000152
1963 | 0.000148
1964 | 0.000148
1965 | 0.000152
1966 | 0.000129
1967 | 0.000158
1968 | 0.000161
1969 | 0.000151
1970 | 0.000149
1971 | 0.000147
1972 | 0.000129
1973 | 0.000149
1974 | 0.000157
1975 | 0.000155
1976 | 0.000157
1977 | 0.000152
1978 | 0.000130
1979 | 0.000156
1980 | 0.000154
1981 | 0.000161
1982 | 0.000157
1983 | 0.000156
1984 | 0.000132
1985 | 0.000150
1986 | 0.000158
1987 | 0.000158
1988 | 0.000154
1989 | 0.000153
1990 | 0.000161
1991 | 0.000139
1992 | 0.000163
1993 | 0.000152
1994 | 0.000156
1995 | 0.000155
1996 | 0.000156
1997 | 0.000156
1998 | 0.000138
1999 | 0.000154
2000 | 0.000157
2001 | 0.000156
2002 | 0.000159
2003 | 0.000155
2004 | 0.000135
2005 | 0.000155
2006 | 0.000158
2007 | 0.000155
2008 | 0.000157
2009 | 0.000157
2010 | 0.000158
2011 | 0.000156
2012 | 0.000134
2013 | 0.000163
2014 | 0.000156
2015 | 0.000159
2016 | 0.000159
2017 | 0.000154
2018 | 0.000157
2019 | 0.000134
2020 | 0.000155
2021 | 0.000161
2022 | 0.000163
2023 | 0.000158
2024 | 0.000157
2025 | 0.000161
2026 | 0.000158
2027 | 0.000138
2028 | 0.000152
2029 | 0.000160
2030 | 0.000156
2031 | 0.000155
2032 | 0.000171
2033 | 0.000263
2034 | 0.000260
2035 | 0.000267
2036 | 0.000227
2037 | 0.000266
2038 | 0.000259
2039 | 0.000344
2040 | 0.000215
2041 | 0.000170
2042 | 0.000158
2043 | 0.000164
2044 | 0.000161
2045 | 0.000161
2046 | 0.000136
2047 | 0.000158
2048 | 0.000159
2049 | 0.000166
2050 | 0.000181
2051 | 0.000159
2052 | 0.000174
2053 | 0.000164
2054 | 0.000162
2055 | 0.000161
2056 | 0.000140
2057 | 0.000159
2058 | 0.000161
2059 | 0.000158
2060 | 0.000162
2061 | 0.000158
2062 | 0.000162
2063 | 0.000195
2064 | 0.000157
2065 | 0.000158
2066 | 0.000152
2067 | 0.000136
2068 | 0.000157
2069 | 0.000168
2070 | 0.000156
2071 | 0.000156
2072 | 0.000153
2073 | 0.000156
2074 | 0.000155
2075 | 0.000159
2076 | 0.000156
2077 | 0.000185
2078 | 0.000161
2079 | 0.000136
2080 | 0.000155
2081 | 0.000158
2082 | 0.000157
2083 | 0.000160
2084 | 0.000157
2085 | 0.000176
2086 | 0.000157
2087 | 0.000158
2088 | 0.000154
2089 | 0.000161
2090 | 0.000161
2091 | 0.000157
2092 | 0.000171
2093 | 0.000159
2094 | 0.000138
2095 | 0.000161
2096 | 0.000161
2097 | 0.000156
2098 | 0.000161
2099 | 0.000158
2100 | 0.000174
2101 | 0.000162
2102 | 0.000162
2103 | 0.000158
2104 | 0.000163
2105 | 0.000157
2106 | 0.000161
2107 | 0.000162
2108 | 0.000161
2109 | 0.000161
2110 | 0.000161
2111 | 0.000165
2112 | 0.000158
2113 | 0.000160
2114 | 0.000155
2115 | 0.000138
2116 | 0.000159
2117 | 0.000162
2118 | 0.000168
2119 | 0.000165
2120 | 0.000170
2121 | 0.000220
2122 | 0.000171
2123 | 0.000161
2124 | 0.000163
2125 | 0.000162
2126 | 0.000164
2127 | 0.000172
2128 | 0.000166
2129 | 0.000164
2130 | 0.000177
2131 | 0.000166
2132 | 0.000169
2133 | 0.000162
2134 | 0.000171
2135 | 0.000162
2136 | 0.000170
2137 | 0.000160
2138 | 0.000166
2139 | 0.000168
2140 | 0.000167
2141 | 0.000166
2142 | 0.000165
2143 | 0.000166
2144 | 0.000165
2145 | 0.000169
2146 | 0.000166
2147 | 0.000168
2148 | 0.000167
2149 | 0.000162
2150 | 0.000166
2151 | 0.000162
2152 | 0.000170
2153 | 0.000161
2154 | 0.000168
2155 | 0.000185
2156 | 0.000168
2157 | 0.000167
2158 | 0.000174
2159 | 0.000172
2160 | 0.000170
2161 | 0.000171
2162 | 0.000170
2163 | 0.000172
2164 | 0.000168
2165 | 0.000169
2166 | 0.000172
2167 | 0.000170
2168 | 0.000170
2169 | 0.000167
2170 | 0.000186
2171 | 0.000174
2172 | 0.000213
2173 | 0.000170
2174 | 0.000178
2175 | 0.000189
2176 | 0.000170
2177 | 0.000170
2178 | 0.000167
2179 | 0.000175
2180 | 0.000171
2181 | 0.000172
2182 | 0.000169
2183 | 0.000175
2184 | 0.000179
2185 | 0.000176
2186 | 0.000169
2187 | 0.000165
2188 | 0.000185
2189 | 0.000166
2190 | 0.000182
2191 | 0.000179
2192 | 0.000206
2193 | 0.000182
2194 | 0.000174
2195 | 0.000194
2196 | 0.000189
2197 | 0.000176
2198 | 0.000195
2199 | 0.000183
2200 | 0.000177
2201 | 0.000176
2202 | 0.000179
2203 | 0.000172
2204 | 0.000292
2205 | 0.000183
2206 | 0.000180
2207 | 0.000177
2208 | 0.000168
2209 | 0.000189
2210 | 0.000167
2211 | 0.000169
2212 | 0.000170
2213 | 0.000171
2214 | 0.000168
2215 | 0.000166
2216 | 0.000169
2217 | 0.000190
2218 | 0.000173
2219 | 0.000165
2220 | 0.000170
2221 | 0.000171
2222 | 0.000171
2223 | 0.000169
2224 | 0.000169
2225 | 0.000170
2226 | 0.000172
2227 | 0.000175
2228 | 0.000172
2229 | 0.000170
2230 | 0.000174
2231 | 0.000173
2232 | 0.000198
2233 | 0.000169
2234 | 0.000175
2235 | 0.000170
2236 | 0.000178
2237 | 0.000172
2238 | 0.000170
2239 | 0.000173
2240 | 0.000172
2241 | 0.000166
2242 | 0.000174
2243 | 0.000170
2244 | 0.000200
2245 | 0.000169
2246 | 0.000174
2247 | 0.000173
2248 | 0.000170
2249 | 0.000173
2250 | 0.000173
2251 | 0.000175
2252 | 0.000170
2253 | 0.000172
2254 | 0.000199
2255 | 0.000182
2256 | 0.000169
2257 | 0.000171
2258 | 0.000167
2259 | 0.000170
2260 | 0.000166
2261 | 0.000172
2262 | 0.000169
2263 | 0.000174
2264 | 0.000199
2265 | 0.000167
2266 | 0.000173
2267 | 0.000206
2268 | 0.000170
2269 | 0.000197
2270 | 0.000183
2271 | 0.000165
2272 | 0.000170
2273 | 0.000272
2274 | 0.000166
2275 | 0.000166
2276 | 0.000167
2277 | 0.000167
2278 | 0.000170
2279 | 0.000277
2280 | 0.000238
2281 | 0.000253
2282 | 0.000408
2283 | 0.000308
2284 | 0.000276
2285 | 0.000321
2286 | 0.000292
2287 | 0.000230
2288 | 0.000232
2289 | 0.000225
2290 | 0.000169
2291 | 0.000177
2292 | 0.000171
2293 | 0.000177
2294 | 0.000168
2295 | 0.000210
2296 | 0.000211
2297 | 0.000171
2298 | 0.000172
2299 | 0.000172
2300 | 0.000210
2301 | 0.000168
2302 | 0.000172
2303 | 0.000199
2304 | 0.000181
2305 | 0.000207
2306 | 0.000173
2307 | 0.000170
2308 | 0.000176
2309 | 0.000167
2310 | 0.000167
2311 | 0.000192
2312 | 0.000172
2313 | 0.000176
2314 | 0.000171
2315 | 0.000206
2316 | 0.000172
2317 | 0.000194
2318 | 0.000171
2319 | 0.000198
2320 | 0.000174
2321 | 0.000175
2322 | 0.000171
2323 | 0.000194
2324 | 0.000173
2325 | 0.000175
2326 | 0.000174
2327 | 0.000173
2328 | 0.000175
2329 | 0.000170
2330 | 0.000193
2331 | 0.000190
2332 | 0.000168
2333 | 0.000169
2334 | 0.000172
2335 | 0.000168
2336 | 0.000234
2337 | 0.000168
2338 | 0.000175
2339 | 0.000173
2340 | 0.000174
2341 | 0.000224
2342 | 0.000224
2343 | 0.000168
2344 | 0.000174
2345 | 0.000168
2346 | 0.000196
2347 | 0.000179
2348 | 0.000172
2349 | 0.000180
2350 | 0.000172
2351 | 0.000235
2352 | 0.000358
2353 | 0.000251
2354 | 0.000173
2355 | 0.000175
2356 | 0.000173
2357 | 0.000208
2358 | 0.000176
2359 | 0.000174
2360 | 0.000177
2361 | 0.000216
2362 | 0.000201
2363 | 0.000175
2364 | 0.000172
2365 | 0.000172
2366 | 0.000198
2367 | 0.000180
2368 | 0.000179
2369 | 0.000172
2370 | 0.000178
2371 | 0.000177
2372 | 0.000200
2373 | 0.000181
2374 | 0.000176
2375 | 0.000208
2376 | 0.000212
2377 | 0.000202
2378 | 0.000172
2379 | 0.000174
2380 | 0.000166
2381 | 0.000199
2382 | 0.000176
2383 | 0.000177
2384 | 0.000168
2385 | 0.000180
2386 | 0.000198
2387 | 0.000179
2388 | 0.000209
2389 | 0.000172
2390 | 0.000199
2391 | 0.000179
2392 | 0.000177
2393 | 0.000180
2394 | 0.000210
2395 | 0.000176
2396 | 0.000178
2397 | 0.000177
2398 | 0.000179
2399 | 0.000207
2400 | 0.000173
2401 | 0.000170
2402 | 0.000172
2403 | 0.000222
2404 | 0.000285
2405 | 0.000212
2406 | 0.000178
2407 | 0.000197
2408 | 0.000170
2409 | 0.000182
2410 | 0.000174
2411 | 0.000213
2412 | 0.000174
2413 | 0.000176
2414 | 0.000167
2415 | 0.000206
2416 | 0.000175
2417 | 0.000194
2418 | 0.000175
2419 | 0.000206
2420 | 0.000175
2421 | 0.000183
2422 | 0.000176
2423 | 0.000216
2424 | 0.000341
2425 | 0.000420
2426 | 0.000268
2427 | 0.000201
2428 | 0.000178
2429 | 0.000171
2430 | 0.000182
2431 | 0.000237
2432 | 0.000227
2433 | 0.000171
2434 | 0.000203
2435 | 0.000183
2436 | 0.000184
2437 | 0.000189
2438 | 0.000228
2439 | 0.000187
2440 | 0.000180
2441 | 0.000214
2442 | 0.000195
2443 | 0.000188
2444 | 0.000185
2445 | 0.000203
2446 | 0.000249
2447 | 0.000178
2448 | 0.000202
2449 | 0.000179
2450 | 0.000182
2451 | 0.000184
2452 | 0.000227
2453 | 0.000196
2454 | 0.000177
2455 | 0.000181
2456 | 0.000210
2457 | 0.000233
2458 | 0.000186
2459 | 0.000192
2460 | 0.000175
2461 | 0.000199
2462 | 0.000191
2463 | 0.000206
2464 | 0.000183
2465 | 0.000181
2466 | 0.000247
2467 | 0.000180
2468 | 0.000183
2469 | 0.000189
2470 | 0.000203
2471 | 0.000180
2472 | 0.000176
2473 | 0.000205
2474 | 0.000183
2475 | 0.000197
2476 | 0.000186
2477 | 0.000208
2478 | 0.000216
2479 | 0.000231
2480 | 0.000206
2481 | 0.000186
2482 | 0.000194
2483 | 0.000205
2484 | 0.000218
2485 | 0.000182
2486 | 0.000179
2487 | 0.000198
2488 | 0.000249
2489 | 0.000244
2490 | 0.000207
2491 | 0.000179
2492 | 0.000180
2493 | 0.000202
2494 | 0.000175
2495 | 0.000178
2496 | 0.000238
2497 | 0.000182
2498 | 0.000218
2499 | 0.000183
2500 | 0.000242
2501 | 0.000179
2502 | 0.000186
2503 | 0.000227
2504 | 0.000179
2505 | 0.000184
2506 | 0.000203
2507 | 0.000249
2508 | 0.000186
2509 | 0.000215
2510 | 0.000180
2511 | 0.000339
2512 | 0.000313
2513 | 0.000185
2514 | 0.000182
2515 | 0.000204
2516 | 0.000187
2517 | 0.000185
2518 | 0.000210
2519 | 0.000225
2520 | 0.000184
2521 | 0.000226
2522 | 0.000183
2523 | 0.000180
2524 | 0.000206
2525 | 0.000187
2526 | 0.000180
2527 | 0.000236
2528 | 0.000192
2529 | 0.000188
2530 | 0.000204
2531 | 0.000186
2532 | 0.000179
2533 | 0.000198
2534 | 0.000217
2535 | 0.000212
2536 | 0.000186
2537 | 0.000191
2538 | 0.000212
2539 | 0.000184
2540 | 0.000187
2541 | 0.000257
2542 | 0.000186
2543 | 0.000189
2544 | 0.000252
2545 | 0.000184
2546 | 0.000227
2547 | 0.000283
2548 | 0.000263
2549 | 0.000196
2550 | 0.000212
2551 | 0.000192
2552 | 0.000214
2553 | 0.000205
2554 | 0.000292
2555 | 0.000234
2556 | 0.000179
2557 | 0.000187
2558 | 0.000205
2559 | 0.000234
2560 | 0.000215
2561 | 0.000191
2562 | 0.000177
2563 | 0.000202
2564 | 0.000182
2565 | 0.000184
2566 | 0.000225
2567 | 0.000180
2568 | 0.000233
2569 | 0.000181
2570 | 0.000191
2571 | 0.000211
2572 | 0.000206
2573 | 0.000180
2574 | 0.000222
2575 | 0.000183
2576 | 0.000249
2577 | 0.000184
2578 | 0.000225
2579 | 0.000209
2580 | 0.000186
2581 | 0.000201
2582 | 0.000184
2583 | 0.000178
2584 | 0.000214
2585 | 0.000179
2586 | 0.000212
2587 | 0.000183
2588 | 0.000187
2589 | 0.000218
2590 | 0.000186
2591 | 0.000214
2592 | 0.000235
2593 | 0.000191
2594 | 0.000214
2595 | 0.000192
2596 | 0.000209
2597 | 0.000193
2598 | 0.000181
2599 | 0.000218
2600 | 0.000182
2601 | 0.000221
2602 | 0.000181
2603 | 0.000193
2604 | 0.000204
2605 | 0.000232
2606 | 0.000211
2607 | 0.000191
2608 | 0.000181
2609 | 0.000241
2610 | 0.000209
2611 | 0.000264
2612 | 0.000186
2613 | 0.000241
2614 | 0.000200
2615 | 0.000194
2616 | 0.000225
2617 | 0.000185
2618 | 0.000223
2619 | 0.000188
2620 | 0.000217
2621 | 0.000181
2622 | 0.000237
2623 | 0.000244
2624 | 0.000220
2625 | 0.000233
2626 | 0.000198
2627 | 0.000228
2628 | 0.000199
2629 | 0.000188
2630 | 0.000227
2631 | 0.000204
2632 | 0.000258
2633 | 0.000197
2634 | 0.000238
2635 | 0.000190
2636 | 0.000196
2637 | 0.000249
2638 | 0.000197
2639 | 0.000211
2640 | 0.000209
2641 | 0.000246
2642 | 0.000197
2643 | 0.000210
2644 | 0.000188
2645 | 0.000219
2646 | 0.000196
2647 | 0.000193
2648 | 0.000228
2649 | 0.000185
2650 | 0.000223
2651 | 0.000209
2652 | 0.000224
2653 | 0.000201
2654 | 0.000222
2655 | 0.000200
2656 | 0.000219
2657 | 0.000188
2658 | 0.000235
2659 | 0.000219
2660 | 0.000196
2661 | 0.000212
2662 | 0.000196
2663 | 0.000213
2664 | 0.000273
2665 | 0.000215
2666 | 0.000194
2667 | 0.000207
2668 | 0.000196
2669 | 0.000213
2670 | 0.000201
2671 | 0.000252
2672 | 0.000234
2673 | 0.000246
2674 | 0.000190
2675 | 0.000209
2676 | 0.000338
2677 | 0.000235
2678 | 0.000191
2679 | 0.000214
2680 | 0.000192
2681 | 0.000182
2682 | 0.000218
2683 | 0.000272
2684 | 0.000315
2685 | 0.000269
2686 | 0.000426
2687 | 0.000332
2688 | 0.000369
2689 | 0.000250
2690 | 0.000248
2691 | 0.000253
2692 | 0.000389
2693 | 0.000323
2694 | 0.000382
2695 | 0.000251
2696 | 0.000245
2697 | 0.000197
2698 | 0.000227
2699 | 0.000197
2700 | 0.000257
2701 | 0.000261
2702 | 0.000314
2703 | 0.000239
2704 | 0.000243
2705 | 0.000194
2706 | 0.000257
2707 | 0.000387
2708 | 0.000353
2709 | 0.000384
2710 | 0.000332
2711 | 0.000219
2712 | 0.000236
2713 | 0.000252
2714 | 0.000208
2715 | 0.000230
2716 | 0.000254
2717 | 0.000301
2718 | 0.000205
2719 | 0.000223
2720 | 0.000216
2721 | 0.000228
2722 | 0.000224
2723 | 0.000297
2724 | 0.000346
2725 | 0.000249
2726 | 0.000249
2727 | 0.000358
2728 | 0.000383
2729 | 0.000363
2730 | 0.000240
2731 | 0.000197
2732 | 0.000223
2733 | 0.000194
2734 | 0.000236
2735 | 0.000202
2736 | 0.000232
2737 | 0.000199
2738 | 0.000218
2739 | 0.000202
2740 | 0.000241
2741 | 0.000284
2742 | 0.000203
2743 | 0.000338
2744 | 0.000209
2745 | 0.000212
2746 | 0.000203
2747 | 0.000222
2748 | 0.000210
2749 | 0.000236
2750 | 0.000244
2751 | 0.000226
2752 | 0.000324
2753 | 0.000276
2754 | 0.000242
2755 | 0.000218
2756 | 0.000252
2757 | 0.000197
2758 | 0.000236
2759 | 0.000229
2760 | 0.000210
2761 | 0.000228
2762 | 0.000231
2763 | 0.000232
2764 | 0.000214
2765 | 0.000271
2766 | 0.000364
2767 | 0.000340
2768 | 0.000383
2769 | 0.000222
2770 | 0.000245
2771 | 0.000199
2772 | 0.000230
2773 | 0.000233
2774 | 0.000200
2775 | 0.000250
2776 | 0.000301
2777 | 0.000297
2778 | 0.000224
2779 | 0.000344
2780 | 0.000233
2781 | 0.000338
2782 | 0.000353
2783 | 0.000226
2784 | 0.000240
2785 | 0.000237
2786 | 0.000335
2787 | 0.000255
2788 | 0.000211
2789 | 0.000241
2790 | 0.000221
2791 | 0.000204
2792 | 0.000224
2793 | 0.000209
2794 | 0.000232
2795 | 0.000235
2796 | 0.000206
2797 | 0.000245
2798 | 0.000200
2799 | 0.000243
2800 | 0.000229
2801 | 0.000214
2802 | 0.000234
2803 | 0.000210
2804 | 0.000230
2805 | 0.000240
2806 | 0.000207
2807 | 0.000246
2808 | 0.000212
2809 | 0.000266
2810 | 0.000247
2811 | 0.000316
2812 | 0.000293
2813 | 0.000227
2814 | 0.000235
2815 | 0.000237
2816 | 0.000199
2817 | 0.000242
2818 | 0.000232
2819 | 0.000217
2820 | 0.000236
2821 | 0.000232
2822 | 0.000236
2823 | 0.000236
2824 | 0.000222
2825 | 0.000247
2826 | 0.000237
2827 | 0.000213
2828 | 0.000261
2829 | 0.000209
2830 | 0.000220
2831 | 0.000244
2832 | 0.000212
2833 | 0.000252
2834 | 0.000244
2835 | 0.000235
2836 | 0.000234
2837 | 0.000270
2838 | 0.000472
2839 | 0.000261
2840 | 0.000270
2841 | 0.000255
2842 | 0.000280
2843 | 0.000220
2844 | 0.000253
2845 | 0.000243
2846 | 0.000200
2847 | 0.000241
2848 | 0.000243
2849 | 0.000220
2850 | 0.000240
2851 | 0.000248
2852 | 0.000228
2853 | 0.000253
2854 | 0.000249
2855 | 0.000212
2856 | 0.000251
2857 | 0.000208
2858 | 0.000241
2859 | 0.000245
2860 | 0.000212
2861 | 0.000235
2862 | 0.000229
2863 | 0.000215
2864 | 0.000228
2865 | 0.000235
2866 | 0.000209
2867 | 0.000241
2868 | 0.000248
2869 | 0.000219
2870 | 0.000287
2871 | 0.000284
2872 | 0.000224
2873 | 0.000296
2874 | 0.000236
2875 | 0.000263
2876 | 0.000214
2877 | 0.000275
2878 | 0.000244
2879 | 0.000227
2880 | 0.000253
2881 | 0.000238
2882 | 0.000227
2883 | 0.000253
2884 | 0.000260
2885 | 0.000227
2886 | 0.000232
2887 | 0.000251
2888 | 0.000215
2889 | 0.000259
2890 | 0.000251
2891 | 0.000216
2892 | 0.000258
2893 | 0.000249
2894 | 0.000362
2895 | 0.000257
2896 | 0.000265
2897 | 0.000252
2898 | 0.000221
2899 | 0.000263
2900 | 0.000230
2901 | 0.000214
2902 | 0.000231
2903 | 0.000253
2904 | 0.000237
2905 | 0.000219
2906 | 0.000237
2907 | 0.000252
2908 | 0.000206
2909 | 0.000254
2910 | 0.000240
2911 | 0.000222
2912 | 0.000239
2913 | 0.000242
2914 | 0.000244
2915 | 0.000218
2916 | 0.000250
2917 | 0.000249
2918 | 0.000220
2919 | 0.000243
2920 | 0.000232
2921 | 0.000246
2922 | 0.000208
2923 | 0.000247
2924 | 0.000231
2925 | 0.000220
2926 | 0.000227
2927 | 0.000260
2928 | 0.000252
2929 | 0.000232
2930 | 0.000277
2931 | 0.000246
2932 | 0.000241
2933 | 0.000221
2934 | 0.000248
2935 | 0.000263
2936 | 0.000221
2937 | 0.000235
2938 | 0.000230
2939 | 0.000246
2940 | 0.000207
2941 | 0.000261
2942 | 0.000231
2943 | 0.000248
2944 | 0.000207
2945 | 0.000247
2946 | 0.000257
2947 | 0.000245
2948 | 0.000211
2949 | 0.000367
2950 | 0.000250
2951 | 0.000254
2952 | 0.000239
2953 | 0.000234
2954 | 0.000232
2955 | 0.000220
2956 | 0.000230
2957 | 0.000259
2958 | 0.000337
2959 | 0.000256
2960 | 0.000213
2961 | 0.000262
2962 | 0.000255
2963 | 0.000243
2964 | 0.000215
2965 | 0.000250
2966 | 0.000244
2967 | 0.000251
2968 | 0.000244
2969 | 0.000242
2970 | 0.000240
2971 | 0.000244
2972 | 0.000206
2973 | 0.000255
2974 | 0.000236
2975 | 0.000250
2976 | 0.000240
2977 | 0.000224
2978 | 0.000239
2979 | 0.000248
2980 | 0.000248
2981 | 0.000223
2982 | 0.000249
2983 | 0.000251
2984 | 0.000246
2985 | 0.000213
2986 | 0.000236
2987 | 0.000252
2988 | 0.000342
2989 | 0.000274
2990 | 0.000224
2991 | 0.000261
2992 | 0.000247
2993 | 0.000255
2994 | 0.000251
2995 | 0.000229
2996 | 0.000253
2997 | 0.000270
2998 | 0.000254
2999 | 0.000217
3000 | 0.000231
3001 | 0.000366
3002 | 0.000260
3003 | 0.000251
3004 | 0.000208
3005 | 0.000254
3006 | 0.000251
3007 | 0.000254
3008 | 0.000247
3009 | 0.000228
3010 | 0.000248
3011 | 0.000262
3012 | 0.000248
3013 | 0.000243
3014 | 0.000214
3015 | 0.000250
3016 | 0.000251
3017 | 0.000258
3018 | 0.000264
3019 | 0.000247
3020 | 0.000245
3021 | 0.000251
3022 | 0.000256
3023 | 0.000247
3024 | 0.000261
3025 | 0.000239
3026 | 0.000251
3027 | 0.000250
3028 | 0.000231
3029 | 0.000258
3030 | 0.000206
3031 | 0.000258
3032 | 0.000242
3033 | 0.000249
3034 | 0.000250
3035 | 0.000256
3036 | 0.000234
3037 | 0.000261
3038 | 0.000255
3039 | 0.000240
3040 | 0.000233
3041 | 0.000228
3042 | 0.000235
3043 | 0.000287
3044 | 0.000251
3045 | 0.000272
3046 | 0.000289
3047 | 0.000233
3048 | 0.000251
3049 | 0.000264
3050 | 0.000262
3051 | 0.000258
3052 | 0.000304
3053 | 0.000275
3054 | 0.000248
3055 | 0.000248
3056 | 0.000235
3057 | 0.000248
3058 | 0.000242
3059 | 0.000262
3060 | 0.000228
3061 | 0.000260
3062 | 0.000251
3063 | 0.000263
3064 | 0.000252
3065 | 0.000247
3066 | 0.000212
3067 | 0.000245
3068 | 0.000268
3069 | 0.000258
3070 | 0.000257
3071 | 0.000267
3072 | 0.000237
3073 | 0.000238
3074 | 0.000250
3075 | 0.000243
3076 | 0.000259
3077 | 0.000247
3078 | 0.000257
3079 | 0.000219
3080 | 0.000256
3081 | 0.000289
3082 | 0.000265
3083 | 0.000258
3084 | 0.000251
3085 | 0.000260
3086 | 0.000215
3087 | 0.000281
3088 | 0.000229
3089 | 0.000245
3090 | 0.000231
3091 | 0.000251
3092 | 0.000264
3093 | 0.000222
3094 | 0.000251
3095 | 0.000267
3096 | 0.000259
3097 | 0.000258
3098 | 0.000261
3099 | 0.000235
3100 | 0.000231
3101 | 0.000238
3102 | 0.000265
3103 | 0.000243
3104 | 0.000392
3105 | 0.000243
3106 | 0.000256
3107 | 0.000238
3108 | 0.000229
3109 | 0.000253
3110 | 0.000266
3111 | 0.000256
3112 | 0.000260
3113 | 0.000250
3114 | 0.000246
3115 | 0.000260
3116 | 0.000233
3117 | 0.000260
3118 | 0.000249
3119 | 0.000249
3120 | 0.000243
3121 | 0.000251
3122 | 0.000276
3123 | 0.000260
3124 | 0.000256
3125 | 0.000224
3126 | 0.000259
3127 | 0.000264
3128 | 0.000259
3129 | 0.000256
3130 | 0.000250
3131 | 0.000248
3132 | 0.000262
3133 | 0.000264
3134 | 0.000258
3135 | 0.000240
3136 | 0.000263
3137 | 0.000242
3138 | 0.000253
3139 | 0.000254
3140 | 0.000262
3141 | 0.000266
3142 | 0.000259
3143 | 0.000247
3144 | 0.000244
3145 | 0.000233
3146 | 0.000239
3147 | 0.000256
3148 | 0.000238
3149 | 0.000254
3150 | 0.000242
3151 | 0.000259
3152 | 0.000257
3153 | 0.000273
3154 | 0.000233
3155 | 0.000255
3156 | 0.000237
3157 | 0.000398
3158 | 0.000222
3159 | 0.000251
3160 | 0.000262
3161 | 0.000274
3162 | 0.000264
3163 | 0.000264
3164 | 0.000241
3165 | 0.000243
3166 | 0.000261
3167 | 0.000269
3168 | 0.000259
3169 | 0.000267
3170 | 0.000252
3171 | 0.000244
3172 | 0.000241
3173 | 0.000265
3174 | 0.000262
3175 | 0.000258
3176 | 0.000262
3177 | 0.000268
3178 | 0.000248
3179 | 0.000260
3180 | 0.000271
3181 | 0.000263
3182 | 0.000280
3183 | 0.000254
3184 | 0.000247
3185 | 0.000260
3186 | 0.000243
3187 | 0.000281
3188 | 0.000248
3189 | 0.000262
3190 | 0.000226
3191 | 0.000254
3192 | 0.000263
3193 | 0.000273
3194 | 0.000258
3195 | 0.000259
3196 | 0.000258
3197 | 0.000241
3198 | 0.000268
3199 | 0.000262
3200 | 0.000256
3201 | 0.000265
3202 | 0.000267
3203 | 0.000264
3204 | 0.000258
3205 | 0.000251
3206 | 0.000247
3207 | 0.000266
3208 | 0.000278
3209 | 0.000264
3210 | 0.000463
3211 | 0.000375
3212 | 0.000246
3213 | 0.000264
3214 | 0.000240
3215 | 0.000266
3216 | 0.000243
3217 | 0.000260
3218 | 0.000248
3219 | 0.000278
3220 | 0.000244
3221 | 0.000260
3222 | 0.000257
3223 | 0.000234
3224 | 0.000287
3225 | 0.000270
3226 | 0.000261
3227 | 0.000286
3228 | 0.000260
3229 | 0.000253
3230 | 0.000268
3231 | 0.000268
3232 | 0.000271
3233 | 0.000273
3234 | 0.000259
3235 | 0.000246
3236 | 0.000261
3237 | 0.000251
3238 | 0.000269
3239 | 0.000253
3240 | 0.000266
3241 | 0.000244
3242 | 0.000268
3243 | 0.000248
3244 | 0.000262
3245 | 0.000253
3246 | 0.000253
3247 | 0.000239
3248 | 0.000261
3249 | 0.000253
3250 | 0.000260
3251 | 0.000272
3252 | 0.000276
3253 | 0.000270
3254 | 0.000274
3255 | 0.000267
3256 | 0.000255
3257 | 0.000251
3258 | 0.000344
3259 | 0.000252
3260 | 0.000265
3261 | 0.000265
3262 | 0.000267
3263 | 0.000248
3264 | 0.000265
3265 | 0.000250
3266 | 0.000294
3267 | 0.000248
3268 | 0.000261
3269 | 0.000248
3270 | 0.000267
3271 | 0.000257
3272 | 0.000254
3273 | 0.000275
3274 | 0.000274
3275 | 0.000274
3276 | 0.000272
3277 | 0.000263
3278 | 0.000265
3279 | 0.000274
3280 | 0.000249
3281 | 0.000276
3282 | 0.000254
3283 | 0.000273
3284 | 0.000281
3285 | 0.000273
3286 | 0.000277
3287 | 0.000291
3288 | 0.000281
3289 | 0.000267
3290 | 0.000255
3291 | 0.000277
3292 | 0.000260
3293 | 0.000309
3294 | 0.000252
3295 | 0.000281
3296 | 0.000254
3297 | 0.000272
3298 | 0.000251
3299 | 0.000283
3300 | 0.000265
3301 | 0.000260
3302 | 0.000269
3303 | 0.000270
3304 | 0.000287
3305 | 0.000276
3306 | 0.000266
3307 | 0.000259
3308 | 0.000249
3309 | 0.000379
3310 | 0.000257
3311 | 0.000268
3312 | 0.000249
3313 | 0.000269
3314 | 0.000254
3315 | 0.000267
3316 | 0.000278
3317 | 0.000275
3318 | 0.000268
3319 | 0.000306
3320 | 0.000275
3321 | 0.000266
3322 | 0.000253
3323 | 0.000265
3324 | 0.000262
3325 | 0.000266
3326 | 0.000246
3327 | 0.000272
3328 | 0.000288
3329 | 0.000277
3330 | 0.000274
3331 | 0.000271
3332 | 0.000275
3333 | 0.000276
3334 | 0.000254
3335 | 0.000271
3336 | 0.000248
3337 | 0.000269
3338 | 0.000263
3339 | 0.000307
3340 | 0.000279
3341 | 0.000277
3342 | 0.000263
3343 | 0.000286
3344 | 0.000276
3345 | 0.000281
3346 | 0.000276
3347 | 0.000271
3348 | 0.000264
3349 | 0.000256
3350 | 0.000307
3351 | 0.000272
3352 | 0.000282
3353 | 0.000277
3354 | 0.000260
3355 | 0.000260
3356 | 0.000315
3357 | 0.000272
3358 | 0.000276
3359 | 0.000405
3360 | 0.000291
3361 | 0.000269
3362 | 0.000275
3363 | 0.000273
3364 | 0.000271
3365 | 0.000277
3366 | 0.000265
3367 | 0.000254
3368 | 0.000295
3369 | 0.000268
3370 | 0.000276
3371 | 0.000273
3372 | 0.000258
3373 | 0.000248
3374 | 0.000271
3375 | 0.000253
3376 | 0.000268
3377 | 0.000306
3378 | 0.000274
3379 | 0.000275
3380 | 0.000267
3381 | 0.000260
3382 | 0.000286
3383 | 0.000251
3384 | 0.000297
3385 | 0.000254
3386 | 0.000271
3387 | 0.000253
3388 | 0.000294
3389 | 0.000265
3390 | 0.000287
3391 | 0.000279
3392 | 0.000280
3393 | 0.000275
3394 | 0.000289
3395 | 0.000298
3396 | 0.000262
3397 | 0.000300
3398 | 0.000283
3399 | 0.000288
3400 | 0.000280
3401 | 0.000264
3402 | 0.000276
3403 | 0.000269
3404 | 0.000342
3405 | 0.000271
3406 | 0.000527
3407 | 0.000431
3408 | 0.000454
3409 | 0.000465
3410 | 0.000546
3411 | 0.000507
3412 | 0.000484
3413 | 0.000461
3414 | 0.000494
3415 | 0.000469
3416 | 0.000458
3417 | 0.000319
3418 | 0.000304
3419 | 0.000297
3420 | 0.000275
3421 | 0.000266
3422 | 0.000360
3423 | 0.000283
3424 | 0.000306
3425 | 0.000290
3426 | 0.000304
3427 | 0.000308
3428 | 0.000271
3429 | 0.000284
3430 | 0.000270
3431 | 0.000284
3432 | 0.000265
3433 | 0.000325
3434 | 0.000274
3435 | 0.000294
3436 | 0.000273
3437 | 0.000298
3438 | 0.000300
3439 | 0.000300
3440 | 0.000281
3441 | 0.000288
3442 | 0.000318
3443 | 0.000314
3444 | 0.000305
3445 | 0.000485
3446 | 0.000304
3447 | 0.000295
3448 | 0.000338
3449 | 0.000280
3450 | 0.000294
3451 | 0.000287
3452 | 0.000338
3453 | 0.000280
3454 | 0.000300
3455 | 0.000278
3456 | 0.000306
3457 | 0.000313
3458 | 0.000307
3459 | 0.000303
3460 | 0.000313
3461 | 0.000307
3462 | 0.000352
3463 | 0.000290
3464 | 0.000300
3465 | 0.000291
3466 | 0.000300
3467 | 0.000334
3468 | 0.000287
3469 | 0.000284
3470 | 0.000265
3471 | 0.000372
3472 | 0.000286
3473 | 0.000293
3474 | 0.000277
3475 | 0.000336
3476 | 0.000309
3477 | 0.000301
3478 | 0.000286
3479 | 0.000332
3480 | 0.000293
3481 | 0.000331
3482 | 0.000289
3483 | 0.000342
3484 | 0.000321
3485 | 0.000333
3486 | 0.000313
3487 | 0.000289
3488 | 0.000318
3489 | 0.000544
3490 | 0.000426
3491 | 0.000306
3492 | 0.000344
3493 | 0.000269
3494 | 0.000279
3495 | 0.000295
3496 | 0.000325
3497 | 0.000291
3498 | 0.000307
3499 | 0.000286
3500 | 0.000291
3501 | 0.000351
3502 | 0.000311
3503 | 0.000316
3504 | 0.000303
3505 | 0.000298
3506 | 0.000298
3507 | 0.000295
3508 | 0.000295
3509 | 0.000302
3510 | 0.000335
3511 | 0.000299
3512 | 0.000355
3513 | 0.000316
3514 | 0.000328
3515 | 0.000347
3516 | 0.000332
3517 | 0.000301
3518 | 0.000335
3519 | 0.000335
3520 | 0.000374
3521 | 0.000316
3522 | 0.000304
3523 | 0.000336
3524 | 0.000418
3525 | 0.000311
3526 | 0.000303
3527 | 0.000297
3528 | 0.000323
3529 | 0.000306
3530 | 0.000339
3531 | 0.000558
3532 | 0.000304
3533 | 0.000332
3534 | 0.000301
3535 | 0.000394
3536 | 0.000323
3537 | 0.000326
3538 | 0.000362
3539 | 0.000293
3540 | 0.000304
3541 | 0.000327
3542 | 0.000355
3543 | 0.000325
3544 | 0.000301
3545 | 0.000290
3546 | 0.000369
3547 | 0.000289
3548 | 0.000289
3549 | 0.000340
3550 | 0.000319
3551 | 0.000327
3552 | 0.000331
3553 | 0.000304
3554 | 0.000306
3555 | 0.000323
3556 | 0.000411
3557 | 0.000317
3558 | 0.000322
3559 | 0.000317
3560 | 0.000313
3561 | 0.000286
3562 | 0.000312
3563 | 0.000325
3564 | 0.000321
3565 | 0.000305
3566 | 0.000400
3567 | 0.000326
3568 | 0.000322
3569 | 0.000351
3570 | 0.000305
3571 | 0.000301
3572 | 0.000546
3573 | 0.000310
3574 | 0.000318
3575 | 0.000337
3576 | 0.000283
3577 | 0.000288
3578 | 0.000296
3579 | 0.000326
3580 | 0.000291
3581 | 0.000291
3582 | 0.000294
3583 | 0.000289
3584 | 0.000269
3585 | 0.000324
3586 | 0.000263
3587 | 0.000286
3588 | 0.000332
3589 | 0.000296
3590 | 0.000293
3591 | 0.000302
3592 | 0.000268
3593 | 0.000287
3594 | 0.000293
3595 | 0.000289
3596 | 0.000265
3597 | 0.000313
3598 | 0.000266
3599 | 0.000295
3600 | 0.000397
3601 | 0.000338
3602 | 0.000337
3603 | 0.000304
3604 | 0.000272
3605 | 0.000288
3606 | 0.000294
3607 | 0.000291
3608 | 0.000273
3609 | 0.000322
3610 | 0.000268
3611 | 0.000288
3612 | 0.000324
3613 | 0.000291
3614 | 0.000275
3615 | 0.000320
3616 | 0.000295
3617 | 0.000445
3618 | 0.000348
3619 | 0.000264
3620 | 0.000276
3621 | 0.000319
3622 | 0.000312
3623 | 0.000348
3624 | 0.000361
3625 | 0.000269
3626 | 0.000289
3627 | 0.000332
3628 | 0.000310
3629 | 0.000321
3630 | 0.000274
3631 | 0.000267
3632 | 0.000329
3633 | 0.000296
3634 | 0.000295
3635 | 0.000322
3636 | 0.000283
3637 | 0.000289
3638 | 0.000335
3639 | 0.000295
3640 | 0.000345
3641 | 0.000279
3642 | 0.000273
3643 | 0.000321
3644 | 0.000280
3645 | 0.000287
3646 | 0.000349
3647 | 0.000300
3648 | 0.000321
3649 | 0.000276
3650 | 0.000275
3651 | 0.000326
3652 | 0.000293
3653 | 0.000302
3654 | 0.000321
3655 | 0.000274
3656 | 0.000335
3657 | 0.000304
3658 | 0.000293
3659 | 0.000352
3660 | 0.000277
3661 | 0.000265
3662 | 0.000395
3663 | 0.000273
3664 | 0.000321
3665 | 0.000263
3666 | 0.000285
3667 | 0.000331
3668 | 0.000297
3669 | 0.000323
3670 | 0.000298
3671 | 0.000369
3672 | 0.000329
3673 | 0.000290
3674 | 0.000332
3675 | 0.000292
3676 | 0.000271
3677 | 0.000316
3678 | 0.000298
3679 | 0.000331
3680 | 0.000280
3681 | 0.000292
3682 | 0.000337
3683 | 0.000302
3684 | 0.000321
3685 | 0.000270
3686 | 0.000292
3687 | 0.000324
3688 | 0.000298
3689 | 0.000331
3690 | 0.000276
3691 | 0.000307
3692 | 0.000297
3693 | 0.000306
3694 | 0.000434
3695 | 0.000297
3696 | 0.000312
3697 | 0.000292
3698 | 0.000306
3699 | 0.000326
3700 | 0.000350
3701 | 0.000309
3702 | 0.000273
3703 | 0.000335
3704 | 0.000296
3705 | 0.000315
3706 | 0.000490
3707 | 0.000296
3708 | 0.000338
3709 | 0.000313
3710 | 0.000343
3711 | 0.000323
3712 | 0.000298
3713 | 0.000305
3714 | 0.000300
3715 | 0.000343
3716 | 0.000317
3717 | 0.000308
3718 | 0.000308
3719 | 0.000306
3720 | 0.000309
3721 | 0.000271
3722 | 0.000337
3723 | 0.000283
3724 | 0.000329
3725 | 0.000275
3726 | 0.000327
3727 | 0.000279
3728 | 0.000353
3729 | 0.000272
3730 | 0.000322
3731 | 0.000265
3732 | 0.000288
3733 | 0.000333
3734 | 0.000304
3735 | 0.000336
3736 | 0.000288
3737 | 0.000307
3738 | 0.000303
3739 | 0.000340
3740 | 0.000309
3741 | 0.000347
3742 | 0.000272
3743 | 0.000315
3744 | 0.000293
3745 | 0.000295
3746 | 0.000334
3747 | 0.000438
3748 | 0.000312
3749 | 0.000269
3750 | 0.000320
3751 | 0.000265
3752 | 0.000326
3753 | 0.000285
3754 | 0.000325
3755 | 0.000265
3756 | 0.000325
3757 | 0.000285
3758 | 0.000329
3759 | 0.000269
3760 | 0.000328
3761 | 0.000284
3762 | 0.000330
3763 | 0.000276
3764 | 0.000334
3765 | 0.000286
3766 | 0.000323
3767 | 0.000270
3768 | 0.000328
3769 | 0.000284
3770 | 0.000327
3771 | 0.000269
3772 | 0.000320
3773 | 0.000275
3774 | 0.000376
3775 | 0.000269
3776 | 0.000316
3777 | 0.000268
3778 | 0.000345
3779 | 0.000275
3780 | 0.000317
3781 | 0.000267
3782 | 0.000333
3783 | 0.000286
3784 | 0.000323
3785 | 0.000289
3786 | 0.000330
3787 | 0.000294
3788 | 0.000323
3789 | 0.000266
3790 | 0.000405
3791 | 0.000308
3792 | 0.000323
3793 | 0.000274
3794 | 0.000339
3795 | 0.000278
3796 | 0.000319
3797 | 0.000269
3798 | 0.000345
3799 | 0.000285
3800 | 0.000326
3801 | 0.000293
3802 | 0.000349
3803 | 0.000301
3804 | 0.000283
3805 | 0.000317
3806 | 0.000309
3807 | 0.000340
3808 | 0.000301
3809 | 0.000321
3810 | 0.000282
3811 | 0.000343
3812 | 0.000301
3813 | 0.000351
3814 | 0.000299
3815 | 0.000304
3816 | 0.000292
3817 | 0.000342
3818 | 0.000344
3819 | 0.000304
3820 | 0.000304
3821 | 0.000293
3822 | 0.000369
3823 | 0.000313
3824 | 0.000343
3825 | 0.000292
3826 | 0.000307
3827 | 0.000307
3828 | 0.000304
3829 | 0.000304
3830 | 0.000309
3831 | 0.000337
3832 | 0.000288
3833 | 0.000523
3834 | 0.000324
3835 | 0.000347
3836 | 0.000305
3837 | 0.000323
3838 | 0.000304
3839 | 0.000375
3840 | 0.000358
3841 | 0.000311
3842 | 0.000310
3843 | 0.000289
3844 | 0.000362
3845 | 0.000318
3846 | 0.000338
3847 | 0.000290
3848 | 0.000352
3849 | 0.000350
3850 | 0.000305
3851 | 0.000342
3852 | 0.000296
3853 | 0.000351
3854 | 0.000285
3855 | 0.000344
3856 | 0.000361
3857 | 0.000324
3858 | 0.000318
3859 | 0.000326
3860 | 0.000338
3861 | 0.000363
3862 | 0.000295
3863 | 0.000346
3864 | 0.000312
3865 | 0.000348
3866 | 0.000311
3867 | 0.000315
3868 | 0.000327
3869 | 0.000343
3870 | 0.000316
3871 | 0.000344
3872 | 0.000335
3873 | 0.000347
3874 | 0.000293
3875 | 0.000405
3876 | 0.000309
3877 | 0.000378
3878 | 0.000336
3879 | 0.000340
3880 | 0.000326
3881 | 0.000334
3882 | 0.000331
3883 | 0.000361
3884 | 0.000320
3885 | 0.000356
3886 | 0.000328
3887 | 0.000330
3888 | 0.000337
3889 | 0.000338
3890 | 0.000341
3891 | 0.000355
3892 | 0.000332
3893 | 0.000374
3894 | 0.000310
3895 | 0.000350
3896 | 0.000485
3897 | 0.000309
3898 | 0.000357
3899 | 0.000351
3900 | 0.000334
3901 | 0.000334
3902 | 0.000300
3903 | 0.000354
3904 | 0.000317
3905 | 0.000324
3906 | 0.000320
3907 | 0.000329
3908 | 0.000319
3909 | 0.000343
3910 | 0.000310
3911 | 0.000366
3912 | 0.000335
3913 | 0.000323
3914 | 0.000328
3915 | 0.000415
3916 | 0.000579
3917 | 0.000441
3918 | 0.000306
3919 | 0.000332
3920 | 0.000379
3921 | 0.000297
3922 | 0.000349
3923 | 0.000348
3924 | 0.000323
3925 | 0.000366
3926 | 0.000320
3927 | 0.000308
3928 | 0.000326
3929 | 0.000340
3930 | 0.000319
3931 | 0.000354
3932 | 0.000303
3933 | 0.000362
3934 | 0.000329
3935 | 0.000330
3936 | 0.000334
3937 | 0.000393
3938 | 0.000394
3939 | 0.000353
3940 | 0.000326
3941 | 0.000293
3942 | 0.000351
3943 | 0.000339
3944 | 0.000331
3945 | 0.000354
3946 | 0.000351
3947 | 0.000298
3948 | 0.000318
3949 | 0.000350
3950 | 0.000297
3951 | 0.000349
3952 | 0.000324
3953 | 0.000493
3954 | 0.000517
3955 | 0.000542
3956 | 0.000325
3957 | 0.000350
3958 | 0.000338
3959 | 0.000298
3960 | 0.000347
3961 | 0.000323
3962 | 0.000324
3963 | 0.000352
3964 | 0.000344
3965 | 0.000291
3966 | 0.000328
3967 | 0.000360
3968 | 0.000301
3969 | 0.000342
3970 | 0.000341
3971 | 0.000325
3972 | 0.000324
3973 | 0.000370
3974 | 0.000360
3975 | 0.000316
3976 | 0.000322
3977 | 0.000326
3978 | 0.000340
3979 | 0.000335
3980 | 0.000361
3981 | 0.000320
3982 | 0.000353
3983 | 0.000319
3984 | 0.000297
3985 | 0.000330
3986 | 0.000341
3987 | 0.000297
3988 | 0.000362
3989 | 0.000311
3990 | 0.000344
3991 | 0.000293
3992 | 0.000443
3993 | 0.000313
3994 | 0.000317
3995 | 0.000320
3996 | 0.000353
3997 | 0.000327
3998 | 0.000334
3999 | 0.000370
4000 | 0.000353
4001 | 0.000296
4002 | 0.000329
4003 | 0.000353
4004 | 0.000327
4005 | 0.000331
4006 | 0.000332
4007 | 0.000356
4008 | 0.000353
4009 | 0.000329
4010 | 0.000326
4011 | 0.000333
4012 | 0.000318
4013 | 0.000325
4014 | 0.000358
4015 | 0.000354
4016 | 0.000317
4017 | 0.000320
4018 | 0.000333
4019 | 0.000318
4020 | 0.000325
4021 | 0.000362
4022 | 0.000359
4023 | 0.000326
4024 | 0.000319
4025 | 0.000333
4026 | 0.000361
4027 | 0.000323
4028 | 0.000359
4029 | 0.000319
4030 | 0.000340
4031 | 0.000390
4032 | 0.000373
4033 | 0.000351
4034 | 0.000298
4035 | 0.000338
4036 | 0.000355
4037 | 0.000322
4038 | 0.000320
4039 | 0.000379
4040 | 0.000351
4041 | 0.000311
4042 | 0.000314
4043 | 0.000478
4044 | 0.000336
4045 | 0.000350
4046 | 0.000312
4047 | 0.000385
4048 | 0.000325
4049 | 0.000344
4050 | 0.000295
4051 | 0.000357
4052 | 0.000371
4053 | 0.000350
4054 | 0.000311
4055 | 0.000327
4056 | 0.000353
4057 | 0.000354
4058 | 0.000376
4059 | 0.000327
4060 | 0.000319
4061 | 0.000353
4062 | 0.000333
4063 | 0.000359
4064 | 0.000326
4065 | 0.000334
4066 | 0.000372
4067 | 0.000328
4068 | 0.000354
4069 | 0.000323
4070 | 0.000513
4071 | 0.000317
4072 | 0.000317
4073 | 0.000350
4074 | 0.000342
4075 | 0.000355
4076 | 0.000321
4077 | 0.000353
4078 | 0.000337
4079 | 0.000331
4080 | 0.000321
4081 | 0.000350
4082 | 0.000363
4083 | 0.000356
4084 | 0.000335
4085 | 0.000331
4086 | 0.000356
4087 | 0.000364
4088 | 0.000313
4089 | 0.000299
4090 | 0.000356
4091 | 0.000371
4092 | 0.000356
4093 | 0.000318
4094 | 0.000313
4095 | 0.000391
4096 | 0.000352
4097 | 0.000350
4098 | 0.000321
4099 | 0.000324
4100 | 0.000358
4101 | 0.000359
4102 | 0.000336
4103 | 0.000298
4104 | 0.000369
4105 | 0.000400
4106 | 0.000335
4107 | 0.000315
4108 | 0.000298
4109 | 0.000355
4110 | 0.000496
4111 | 0.000337
4112 | 0.000351
4113 | 0.000315
4114 | 0.000361
4115 | 0.000362
4116 | 0.000327
4117 | 0.000333
4118 | 0.000305
4119 | 0.000357
4120 | 0.000361
4121 | 0.000340
4122 | 0.000328
4123 | 0.000333
4124 | 0.000335
4125 | 0.000396
4126 | 0.000338
4127 | 0.000343
4128 | 0.000339
4129 | 0.000322
4130 | 0.000367
4131 | 0.000348
4132 | 0.000325
4133 | 0.000333
4134 | 0.000363
4135 | 0.000328
4136 | 0.000335
4137 | 0.000326
4138 | 0.000343
4139 | 0.000366
4140 | 0.000372
4141 | 0.000308
4142 | 0.000326
4143 | 0.000337
4144 | 0.000364
4145 | 0.000360
4146 | 0.000330
4147 | 0.000303
4148 | 0.000347
4149 | 0.000615
4150 | 0.000362
4151 | 0.000341
4152 | 0.000333
4153 | 0.000339
4154 | 0.000364
4155 | 0.000385
4156 | 0.000337
4157 | 0.000333
4158 | 0.000344
4159 | 0.000409
4160 | 0.000389
4161 | 0.000329
4162 | 0.000349
4163 | 0.000332
4164 | 0.000374
4165 | 0.000413
4166 | 0.000487
4167 | 0.000367
4168 | 0.000362
4169 | 0.000369
4170 | 0.000314
4171 | 0.000357
4172 | 0.000329
4173 | 0.000323
4174 | 0.000372
4175 | 0.000364
4176 | 0.000331
4177 | 0.000317
4178 | 0.000356
4179 | 0.000336
4180 | 0.000331
4181 | 0.000364
4182 | 0.000352
4183 | 0.000325
4184 | 0.000430
4185 | 0.000358
4186 | 0.000322
4187 | 0.000360
4188 | 0.000315
4189 | 0.000350
4190 | 0.000356
4191 | 0.000356
4192 | 0.000351
4193 | 0.000322
4194 | 0.000369
4195 | 0.000348
4196 | 0.000353
4197 | 0.000422
4198 | 0.000385
4199 | 0.000330
4200 | 0.000318
4201 | 0.000364
4202 | 0.000318
4203 | 0.000357
4204 | 0.000321
4205 | 0.000329
4206 | 0.000368
4207 | 0.000364
4208 | 0.000341
4209 | 0.000329
4210 | 0.000363
4211 | 0.000322
4212 | 0.000368
4213 | 0.000343
4214 | 0.000358
4215 | 0.000294
4216 | 0.000374
4217 | 0.000342
4218 | 0.000362
4219 | 0.000367
4220 | 0.000358
4221 | 0.000406
4222 | 0.000332
4223 | 0.000373
4224 | 0.000338
4225 | 0.000368
4226 | 0.000319
4227 | 0.000372
4228 | 0.000385
4229 | 0.000380
4230 | 0.000346
4231 | 0.000339
4232 | 0.000360
4233 | 0.000346
4234 | 0.000363
4235 | 0.000340
4236 | 0.000357
4237 | 0.000316
4238 | 0.000343
4239 | 0.000391
4240 | 0.000359
4241 | 0.000336
4242 | 0.000327
4243 | 0.000359
4244 | 0.000325
4245 | 0.000354
4246 | 0.000347
4247 | 0.000371
4248 | 0.000330
4249 | 0.000369
4250 | 0.000333
4251 | 0.000370
4252 | 0.000325
4253 | 0.000344
4254 | 0.000376
4255 | 0.000372
4256 | 0.000413
4257 | 0.000342
4258 | 0.000362
4259 | 0.000323
4260 | 0.000359
4261 | 0.000336
4262 | 0.000366
4263 | 0.000325
4264 | 0.000366
4265 | 0.000336
4266 | 0.000376
4267 | 0.000329
4268 | 0.000373
4269 | 0.000336
4270 | 0.000362
4271 | 0.000336
4272 | 0.000319
4273 | 0.000349
4274 | 0.000368
4275 | 0.000366
4276 | 0.000367
4277 | 0.000331
4278 | 0.000360
4279 | 0.000330
4280 | 0.000377
4281 | 0.000323
4282 | 0.000360
4283 | 0.000339
4284 | 0.000371
4285 | 0.000321
4286 | 0.000377
4287 | 0.000340
4288 | 0.000396
4289 | 0.000326
4290 | 0.000366
4291 | 0.000364
4292 | 0.000358
4293 | 0.000322
4294 | 0.000420
4295 | 0.000340
4296 | 0.000356
4297 | 0.000325
4298 | 0.000368
4299 | 0.000327
4300 | 0.000367
4301 | 0.000334
4302 | 0.000396
4303 | 0.000326
4304 | 0.000383
4305 | 0.000333
4306 | 0.000360
4307 | 0.000344
4308 | 0.000405
4309 | 0.000356
4310 | 0.000431
4311 | 0.000378
4312 | 0.000371
4313 | 0.000337
4314 | 0.000345
4315 | 0.000371
4316 | 0.000338
4317 | 0.000376
4318 | 0.000338
4319 | 0.000378
4320 | 0.000336
4321 | 0.000380
4322 | 0.000340
4323 | 0.000378
4324 | 0.000338
4325 | 0.000376
4326 | 0.000364
4327 | 0.000378
4328 | 0.000390
4329 | 0.000392
4330 | 0.000434
4331 | 0.000363
4332 | 0.000389
4333 | 0.000394
4334 | 0.000344
4335 | 0.000330
4336 | 0.000362
4337 | 0.000381
4338 | 0.000371
4339 | 0.000332
4340 | 0.000330
4341 | 0.000386
4342 | 0.000345
4343 | 0.000362
4344 | 0.000345
4345 | 0.000373
4346 | 0.000334
4347 | 0.000366
4348 | 0.000333
4349 | 0.000407
4350 | 0.000332
4351 | 0.000372
4352 | 0.000331
4353 | 0.000379
4354 | 0.000333
4355 | 0.000368
4356 | 0.000337
4357 | 0.000373
4358 | 0.000365
4359 | 0.000389
4360 | 0.000341
4361 | 0.000364
4362 | 0.000337
4363 | 0.000394
4364 | 0.000333
4365 | 0.000367
4366 | 0.000338
4367 | 0.000599
4368 | 0.000351
4369 | 0.000368
4370 | 0.000347
4371 | 0.000373
4372 | 0.000345
4373 | 0.000381
4374 | 0.000338
4375 | 0.000379
4376 | 0.000368
4377 | 0.000389
4378 | 0.000349
4379 | 0.000345
4380 | 0.000371
4381 | 0.000331
4382 | 0.000374
4383 | 0.000332
4384 | 0.000375
4385 | 0.000336
4386 | 0.000397
4387 | 0.000338
4388 | 0.000402
4389 | 0.000330
4390 | 0.000372
4391 | 0.000377
4392 | 0.000372
4393 | 0.000343
4394 | 0.000374
4395 | 0.000334
4396 | 0.000411
4397 | 0.000338
4398 | 0.000375
4399 | 0.000337
4400 | 0.000373
4401 | 0.000348
4402 | 0.000392
4403 | 0.000485
4404 | 0.000434
4405 | 0.000354
4406 | 0.000393
4407 | 0.000362
4408 | 0.000382
4409 | 0.000352
4410 | 0.000389
4411 | 0.000359
4412 | 0.000398
4413 | 0.000398
4414 | 0.000390
4415 | 0.000403
4416 | 0.000351
4417 | 0.000339
4418 | 0.000371
4419 | 0.000348
4420 | 0.000367
4421 | 0.000338
4422 | 0.000371
4423 | 0.000414
4424 | 0.000386
4425 | 0.000347
4426 | 0.000383
4427 | 0.000337
4428 | 0.000382
4429 | 0.000347
4430 | 0.000382
4431 | 0.000344
4432 | 0.000402
4433 | 0.000333
4434 | 0.000382
4435 | 0.000340
4436 | 0.000376
4437 | 0.000333
4438 | 0.000489
4439 | 0.000335
4440 | 0.000412
4441 | 0.000369
4442 | 0.000419
4443 | 0.000350
4444 | 0.000383
4445 | 0.000373
4446 | 0.000396
4447 | 0.000342
4448 | 0.000413
4449 | 0.000369
4450 | 0.000389
4451 | 0.000349
4452 | 0.000392
4453 | 0.000367
4454 | 0.000440
4455 | 0.000382
4456 | 0.000384
4457 | 0.000382
4458 | 0.000341
4459 | 0.000341
4460 | 0.000390
4461 | 0.000361
4462 | 0.000372
4463 | 0.000432
4464 | 0.000392
4465 | 0.000344
4466 | 0.000372
4467 | 0.000339
4468 | 0.000414
4469 | 0.000372
4470 | 0.000389
4471 | 0.000378
4472 | 0.000385
4473 | 0.000353
4474 | 0.000647
4475 | 0.000389
4476 | 0.000380
4477 | 0.000388
4478 | 0.000348
4479 | 0.000344
4480 | 0.000387
4481 | 0.000342
4482 | 0.000409
4483 | 0.000353
4484 | 0.000390
4485 | 0.000392
4486 | 0.000348
4487 | 0.000356
4488 | 0.000359
4489 | 0.000419
4490 | 0.000394
4491 | 0.000347
4492 | 0.000348
4493 | 0.000372
4494 | 0.000405
4495 | 0.000407
4496 | 0.000378
4497 | 0.000349
4498 | 0.000394
4499 | 0.000396
4500 | 0.000359
4501 | 0.000342
4502 | 0.000400
4503 | 0.000405
4504 | 0.000367
4505 | 0.000355
4506 | 0.000341
4507 | 0.000403
4508 | 0.000424
4509 | 0.000344
4510 | 0.000560
4511 | 0.000370
4512 | 0.000398
4513 | 0.000406
4514 | 0.000351
4515 | 0.000349
4516 | 0.000384
4517 | 0.000398
4518 | 0.000370
4519 | 0.000375
4520 | 0.000376
4521 | 0.000436
4522 | 0.000382
4523 | 0.000365
4524 | 0.000371
4525 | 0.000396
4526 | 0.000396
4527 | 0.000374
4528 | 0.000352
4529 | 0.000355
4530 | 0.000427
4531 | 0.000393
4532 | 0.000350
4533 | 0.000339
4534 | 0.000408
4535 | 0.000430
4536 | 0.000365
4537 | 0.000366
4538 | 0.000398
4539 | 0.000436
4540 | 0.000376
4541 | 0.000347
4542 | 0.000398
4543 | 0.000578
4544 | 0.000352
4545 | 0.000371
4546 | 0.000385
4547 | 0.000388
4548 | 0.000395
4549 | 0.000349
4550 | 0.000385
4551 | 0.000410
4552 | 0.000398
4553 | 0.000359
4554 | 0.000343
4555 | 0.000412
4556 | 0.000404
4557 | 0.000395
4558 | 0.000352
4559 | 0.000388
4560 | 0.000386
4561 | 0.000390
4562 | 0.000369
4563 | 0.000353
4564 | 0.000430
4565 | 0.000389
4566 | 0.000396
4567 | 0.000346
4568 | 0.000374
4569 | 0.000389
4570 | 0.000402
4571 | 0.000391
4572 | 0.000351
4573 | 0.000402
4574 | 0.000403
4575 | 0.000407
4576 | 0.000345
4577 | 0.000521
4578 | 0.000642
4579 | 0.000621
4580 | 0.000512
4581 | 0.000374
4582 | 0.000369
4583 | 0.000401
4584 | 0.000439
4585 | 0.000385
4586 | 0.000345
4587 | 0.000394
4588 | 0.000412
4589 | 0.000381
4590 | 0.000381
4591 | 0.000405
4592 | 0.000405
4593 | 0.000367
4594 | 0.000359
4595 | 0.000398
4596 | 0.000417
4597 | 0.000376
4598 | 0.000346
4599 | 0.000407
4600 | 0.000386
4601 | 0.000405
4602 | 0.000351
4603 | 0.000364
4604 | 0.000389
4605 | 0.000396
4606 | 0.000396
4607 | 0.000387
4608 | 0.000371
4609 | 0.000380
4610 | 0.000474
4611 | 0.000402
4612 | 0.000385
4613 | 0.000473
4614 | 0.000359
4615 | 0.000358
4616 | 0.000398
4617 | 0.000407
4618 | 0.000567
4619 | 0.000415
4620 | 0.000394
4621 | 0.000418
4622 | 0.000354
4623 | 0.000405
4624 | 0.000369
4625 | 0.000393
4626 | 0.000377
4627 | 0.000456
4628 | 0.000348
4629 | 0.000378
4630 | 0.000427
4631 | 0.000399
4632 | 0.000366
4633 | 0.000369
4634 | 0.000447
4635 | 0.000387
4636 | 0.000402
4637 | 0.000346
4638 | 0.000437
4639 | 0.000359
4640 | 0.000365
4641 | 0.000406
4642 | 0.000416
4643 | 0.000583
4644 | 0.000351
4645 | 0.000393
4646 | 0.000403
4647 | 0.000355
4648 | 0.000422
4649 | 0.000374
4650 | 0.000399
4651 | 0.000371
4652 | 0.000396
4653 | 0.000355
4654 | 0.000382
4655 | 0.000441
4656 | 0.000371
4657 | 0.000374
4658 | 0.000388
4659 | 0.000405
4660 | 0.000363
4661 | 0.000433
4662 | 0.000366
4663 | 0.000408
4664 | 0.000385
4665 | 0.000399
4666 | 0.000353
4667 | 0.000458
4668 | 0.000353
4669 | 0.000394
4670 | 0.000394
4671 | 0.000390
4672 | 0.000356
4673 | 0.000401
4674 | 0.000447
4675 | 0.000395
4676 | 0.000364
4677 | 0.000440
4678 | 0.000398
4679 | 0.000356
4680 | 0.000446
4681 | 0.000395
4682 | 0.000356
4683 | 0.000382
4684 | 0.000419
4685 | 0.000341
4686 | 0.000452
4687 | 0.000350
4688 | 0.000383
4689 | 0.000452
4690 | 0.000369
4691 | 0.000383
4692 | 0.000446
4693 | 0.000389
4694 | 0.000360
4695 | 0.000386
4696 | 0.000414
4697 | 0.000395
4698 | 0.000400
4699 | 0.000352
4700 | 0.000457
4701 | 0.000350
4702 | 0.000412
4703 | 0.000381
4704 | 0.000394
4705 | 0.000346
4706 | 0.000445
4707 | 0.000356
4708 | 0.000380
4709 | 0.000553
4710 | 0.000356
4711 | 0.000350
4712 | 0.000386
4713 | 0.000403
4714 | 0.000390
4715 | 0.000394
4716 | 0.000356
4717 | 0.000441
4718 | 0.000360
4719 | 0.000394
4720 | 0.000385
4721 | 0.000396
4722 | 0.000382
4723 | 0.000399
4724 | 0.000349
4725 | 0.000434
4726 | 0.000350
4727 | 0.000393
4728 | 0.000374
4729 | 0.000398
4730 | 0.000380
4731 | 0.000397
4732 | 0.000350
4733 | 0.000449
4734 | 0.000360
4735 | 0.000383
4736 | 0.000454
4737 | 0.000371
4738 | 0.000394
4739 | 0.000357
4740 | 0.000371
4741 | 0.000460
4742 | 0.000398
4743 | 0.000689
4744 | 0.000544
4745 | 0.000399
4746 | 0.000426
4747 | 0.000400
4748 | 0.000396
4749 | 0.000435
4750 | 0.000424
4751 | 0.000608
4752 | 0.000488
4753 | 0.000674
4754 | 0.000606
4755 | 0.000784
4756 | 0.000632
4757 | 0.000381
4758 | 0.000512
4759 | 0.000424
4760 | 0.000718
4761 | 0.000681
4762 | 0.000549
4763 | 0.000496
4764 | 0.000377
4765 | 0.000609
4766 | 0.000731
4767 | 0.000456
4768 | 0.000677
4769 | 0.000475
4770 | 0.000489
4771 | 0.000583
4772 | 0.000677
4773 | 0.000430
4774 | 0.000433
4775 | 0.000452
4776 | 0.000447
4777 | 0.000601
4778 | 0.000873
4779 | 0.000642
4780 | 0.000570
4781 | 0.000379
4782 | 0.000578
4783 | 0.000360
4784 | 0.000392
4785 | 0.000753
4786 | 0.000655
4787 | 0.000577
4788 | 0.000526
4789 | 0.000700
4790 | 0.000933
4791 | 0.000706
4792 | 0.000625
4793 | 0.000588
4794 | 0.000711
4795 | 0.000621
4796 | 0.000700
4797 | 0.000601
4798 | 0.000742
4799 | 0.000630
4800 | 0.000642
4801 | 0.000669
4802 | 0.000591
4803 | 0.000381
4804 | 0.000457
4805 | 0.000426
4806 | 0.000489
4807 | 0.000401
4808 | 0.000409
4809 | 0.000388
4810 | 0.000422
4811 | 0.000435
4812 | 0.000409
4813 | 0.000372
4814 | 0.000461
4815 | 0.000433
4816 | 0.000491
4817 | 0.000390
4818 | 0.000474
4819 | 0.000353
4820 | 0.000452
4821 | 0.000374
4822 | 0.000469
4823 | 0.000408
4824 | 0.000454
4825 | 0.000353
4826 | 0.000502
4827 | 0.000356
4828 | 0.000410
4829 | 0.000497
4830 | 0.000419
4831 | 0.000525
4832 | 0.000633
4833 | 0.000642
4834 | 0.000412
4835 | 0.000392
4836 | 0.000384
4837 | 0.000418
4838 | 0.000432
4839 | 0.000399
4840 | 0.000456
4841 | 0.000465
4842 | 0.000427
4843 | 0.000513
4844 | 0.000413
4845 | 0.000400
4846 | 0.000479
4847 | 0.000521
4848 | 0.000409
4849 | 0.000402
4850 | 0.000426
4851 | 0.000395
4852 | 0.000456
4853 | 0.000408
4854 | 0.000423
4855 | 0.000434
4856 | 0.000618
4857 | 0.000423
4858 | 0.000445
4859 | 0.000414
4860 | 0.000438
4861 | 0.000462
4862 | 0.000537
4863 | 0.000472
4864 | 0.000421
4865 | 0.000414
4866 | 0.000427
4867 | 0.000400
4868 | 0.000427
4869 | 0.000433
4870 | 0.000423
4871 | 0.000407
4872 | 0.000420
4873 | 0.000440
4874 | 0.000489
4875 | 0.000402
4876 | 0.000427
4877 | 0.000405
4878 | 0.000473
4879 | 0.000400
4880 | 0.000461
4881 | 0.000444
4882 | 0.000415
4883 | 0.000375
4884 | 0.000409
4885 | 0.000431
4886 | 0.000402
4887 | 0.000521
4888 | 0.000444
4889 | 0.000432
4890 | 0.000406
4891 | 0.000437
4892 | 0.000430
4893 | 0.000463
4894 | 0.000672
4895 | 0.000469
4896 | 0.000434
4897 | 0.000668
4898 | 0.000666
4899 | 0.000772
4900 | 0.000556
4901 | 0.000885
4902 | 0.000673
4903 | 0.000588
4904 | 0.000556
4905 | 0.000446
4906 | 0.000572
4907 | 0.000494
4908 | 0.000440
4909 | 0.000696
4910 | 0.000530
4911 | 0.000731
4912 | 0.000691
4913 | 0.000479
4914 | 0.000388
4915 | 0.000674
4916 | 0.000646
4917 | 0.000778
4918 | 0.000393
4919 | 0.000500
4920 | 0.000490
4921 | 0.000767
4922 | 0.000722
4923 | 0.000772
4924 | 0.000766
4925 | 0.000896
4926 | 0.000484
4927 | 0.000541
4928 | 0.000470
4929 | 0.001028
4930 | 0.000635
4931 | 0.000488
4932 | 0.000442
4933 | 0.000458
4934 | 0.000389
4935 | 0.000403
4936 | 0.000456
4937 | 0.000395
4938 | 0.000468
4939 | 0.000421
4940 | 0.000459
4941 | 0.000366
4942 | 0.000519
4943 | 0.000405
4944 | 0.000435
4945 | 0.000425
4946 | 0.000455
4947 | 0.000554
4948 | 0.000519
4949 | 0.000402
4950 | 0.000484
4951 | 0.000461
4952 | 0.000423
4953 | 0.000431
4954 | 0.000439
4955 | 0.000410
4956 | 0.000526
4957 | 0.000570
4958 | 0.000518
4959 | 0.000382
4960 | 0.000466
4961 | 0.000437
4962 | 0.000416
4963 | 0.000408
4964 | 0.000432
4965 | 0.000416
4966 | 0.000435
4967 | 0.000407
4968 | 0.000455
4969 | 0.000387
4970 | 0.000462
4971 | 0.000415
4972 | 0.000417
4973 | 0.000430
4974 | 0.000420
4975 | 0.000405
4976 | 0.000514
4977 | 0.000460
4978 | 0.000447
4979 | 0.000458
4980 | 0.000418
4981 | 0.000484
4982 | 0.000406
4983 | 0.000463
4984 | 0.000379
4985 | 0.000483
4986 | 0.000422
4987 | 0.000456
4988 | 0.000417
4989 | 0.000465
4990 | 0.000474
4991 | 0.000422
4992 | 0.000394
4993 | 0.000480
4994 | 0.000491
4995 | 0.000461
4996 | 0.000431
4997 | 0.000477
4998 | 0.000411
4999 | 0.000411
