887 | 0.000200
886 | 0.000000
885 | 0.000100
884 | 0.000100
883 | 0.000100
882 | 0.000100
881 | 0.000000
880 | 0.000100
879 | 0.000000
878 | 0.000100
877 | 0.000000
876 | 0.000000
875 | 0.000000
874 | 0.000000
873 | 0.000000
872 | 0.000000
871 | 0.000000
870 | 0.000100
869 | 0.000100
868 | 0.000100
867 | 0.000000
866 | 0.000000
865 | 0.000100
864 | 0.000100
863 | 0.000000
862 | 0.000000
861 | 0.000100
860 | 0.000100
859 | 0.000100
858 | 0.000000
857 | 0.000000
856 | 0.000000
855 | 0.000000
854 | 0.000000
853 | 0.000000
852 | 0.000000
851 | 0.000000
850 | 0.000100
849 | 0.000000
848 | 0.000000
847 | 0.000000
846 | 0.000000
845 | 0.000100
844 | 0.000100
843 | 0.000000
842 | 0.000200
841 | 0.000100
840 | 0.000000
839 | 0.000100
838 | 0.000000
837 | 0.000100
836 | 0.000100
835 | 0.000000
834 | 0.000000
833 | 0.000100
832 | 0.000100
831 | 0.000000
830 | 0.000100
829 | 0.000100
828 | 0.000100
827 | 0.000100
826 | 0.000000
825 | 0.000100
824 | 0.000000
823 | 0.000000
822 | 0.000000
821 | 0.000000
820 | 0.000000
819 | 0.000100
818 | 0.000000
817 | 0.000100
816 | 0.000000
815 | 0.000000
814 | 0.000100
813 | 0.000000
812 | 0.000000
811 | 0.000100
810 | 0.000100
809 | 0.000000
808 | 0.000500
807 | 0.000000
806 | 0.000000
805 | 0.000100
804 | 0.000100
803 | 0.000100
802 | 0.000100
801 | 0.000100
800 | 0.000000
799 | 0.000100
798 | 0.000000
797 | 0.000000
796 | 0.000100
795 | 0.000000
794 | 0.000000
793 | 0.000100
792 | 0.000100
791 | 0.000100
790 | 0.000000
789 | 0.000000
788 | 0.000000
787 | 0.000000
786 | 0.000100
785 | 0.000000
784 | 0.000100
783 | 0.000100
782 | 0.000000
781 | 0.000100
780 | 0.000000
779 | 0.000100
778 | 0.000100
777 | 0.000000
776 | 0.000100
775 | 0.000100
774 | 0.000000
773 | 0.000000
772 | 0.000100
771 | 0.000000
770 | 0.000000
769 | 0.000100
768 | 0.000000
767 | 0.000100
766 | 0.000100
765 | 0.000000
764 | 0.000100
763 | 0.000000
762 | 0.000100
761 | 0.000200
760 | 0.000100
759 | 0.000100
758 | 0.000000
757 | 0.000100
756 | 0.000000
755 | 0.000000
754 | 0.000100
753 | 0.000000
752 | 0.000000
751 | 0.000100
750 | 0.000100
749 | 0.000400
748 | 0.000000
747 | 0.000100
746 | 0.000100
745 | 0.000100
744 | 0.000100
743 | 0.000000
742 | 0.000000
741 | 0.000000
740 | 0.000100
739 | 0.000000
738 | 0.000100
737 | 0.000000
736 | 0.000100
735 | 0.000200
734 | 0.000100
733 | 0.000000
732 | 0.000000
731 | 0.000100
730 | 0.000000
729 | 0.000100
728 | 0.000100
727 | 0.000100
726 | 0.000000
725 | 0.000100
724 | 0.000100
723 | 0.000000
722 | 0.000100
721 | 0.000000
720 | 0.000100
719 | 0.000100
718 | 0.000000
717 | 0.000100
716 | 0.000100
715 | 0.000000
714 | 0.000000
713 | 0.000100
712 | 0.000100
711 | 0.000000
710 | 0.000400
709 | 0.000300
708 | 0.000100
707 | 0.000100
706 | 0.000100
705 | 0.000000
704 | 0.000100
703 | 0.000100
702 | 0.000000
701 | 0.000100
700 | 0.000100
699 | 0.000100
698 | 0.000100
697 | 0.000000
696 | 0.000000
695 | 0.000100
694 | 0.000000
693 | 0.000100
692 | 0.000000
691 | 0.000000
690 | 0.000100
689 | 0.000100
688 | 0.000100
687 | 0.000200
686 | 0.000100
685 | 0.000100
684 | 0.000400
683 | 0.000000
682 | 0.000000
681 | 0.000100
680 | 0.000100
679 | 0.000100
678 | 0.000000
677 | 0.000000
676 | 0.000200
675 | 0.000000
674 | 0.000000
673 | 0.000100
672 | 0.000000
671 | 0.000000
670 | 0.000100
669 | 0.000100
668 | 0.000000
667 | 0.000000
666 | 0.000000
665 | 0.000200
664 | 0.000000
663 | 0.000100
662 | 0.000100
661 | 0.000000
660 | 0.000000
659 | 0.000100
658 | 0.000000
657 | 0.000100
656 | 0.000100
655 | 0.000100
654 | 0.000100
653 | 0.000200
652 | 0.000300
651 | 0.000100
650 | 0.000100
649 | 0.000100
648 | 0.000100
647 | 0.000000
646 | 0.000300
645 | 0.000200
644 | 0.000100
643 | 0.000300
642 | 0.000100
641 | 0.000000
640 | 0.000300
639 | 0.000100
638 | 0.000100
637 | 0.000000
636 | 0.000100
635 | 0.000100
634 | 0.000100
633 | 0.000200
632 | 0.000000
631 | 0.000000
630 | 0.000000
629 | 0.000100
628 | 0.000100
627 | 0.000200
626 | 0.000100
625 | 0.000100
624 | 0.000100
623 | 0.000100
622 | 0.000000
621 | 0.000000
620 | 0.000100
619 | 0.000000
618 | 0.000100
617 | 0.000000
616 | 0.000100
615 | 0.000000
614 | 0.000000
613 | 0.000000
612 | 0.000100
611 | 0.000000
610 | 0.000100
609 | 0.000000
608 | 0.000000
607 | 0.000100
606 | 0.000100
605 | 0.000100
604 | 0.000100
603 | 0.000100
602 | 0.000100
601 | 0.000000
600 | 0.000100
599 | 0.000100
598 | 0.000100
597 | 0.000000
596 | 0.000100
595 | 0.000000
594 | 0.000100
593 | 0.000100
592 | 0.000100
591 | 0.000100
590 | 0.000100
589 | 0.000100
588 | 0.000100
587 | 0.000000
586 | 0.000200
585 | 0.000100
584 | 0.000000
583 | 0.000100
582 | 0.000000
581 | 0.000200
580 | 0.000000
579 | 0.000000
578 | 0.000100
577 | 0.000100
576 | 0.000100
575 | 0.000100
574 | 0.000100
573 | 0.000000
572 | 0.000000
571 | 0.000100
570 | 0.000100
569 | 0.000000
568 | 0.000100
567 | 0.000100
566 | 0.000000
565 | 0.000100
564 | 0.000100
563 | 0.000000
562 | 0.000100
561 | 0.000100
560 | 0.000100
559 | 0.000100
558 | 0.000100
557 | 0.000100
556 | 0.000000
555 | 0.000000
554 | 0.000000
553 | 0.000000
552 | 0.000000
551 | 0.000000
550 | 0.000100
549 | 0.000200
548 | 0.000100
547 | 0.000100
546 | 0.000100
545 | 0.000100
544 | 0.000100
543 | 0.000000
542 | 0.000100
541 | 0.000100
540 | 0.000100
539 | 0.000300
538 | 0.000200
537 | 0.000200
536 | 0.000100
535 | 0.000100
534 | 0.000200
533 | 0.000000
532 | 0.000100
531 | 0.000100
530 | 0.000100
529 | 0.000100
528 | 0.000100
527 | 0.000000
526 | 0.000000
525 | 0.000000
524 | 0.000100
523 | 0.000000
522 | 0.000000
521 | 0.000100
520 | 0.000000
519 | 0.000100
518 | 0.000000
517 | 0.000000
516 | 0.000100
515 | 0.000000
514 | 0.000100
513 | 0.000000
512 | 0.000100
511 | 0.000100
510 | 0.000100
509 | 0.000100
508 | 0.000100
507 | 0.000000
506 | 0.000100
505 | 0.000100
504 | 0.000100
503 | 0.000100
502 | 0.000100
501 | 0.000100
500 | 0.000000
499 | 0.000100
498 | 0.000000
497 | 0.000100
496 | 0.000000
495 | 0.000100
494 | 0.000100
493 | 0.000100
492 | 0.000000
491 | 0.000000
490 | 0.000000
489 | 0.000100
488 | 0.000100
487 | 0.000100
486 | 0.000000
485 | 0.000100
484 | 0.000100
483 | 0.000100
482 | 0.000200
481 | 0.000100
480 | 0.000100
479 | 0.000100
478 | 0.000200
477 | 0.000000
476 | 0.000100
475 | 0.000100
474 | 0.000100
473 | 0.000100
472 | 0.000100
471 | 0.000100
470 | 0.000100
469 | 0.000200
468 | 0.000100
467 | 0.000100
466 | 0.000100
465 | 0.000100
464 | 0.000100
463 | 0.000000
462 | 0.000100
461 | 0.000100
460 | 0.000100
459 | 0.000100
458 | 0.000100
457 | 0.000000
456 | 0.000100
455 | 0.000100
454 | 0.000200
453 | 0.000100
452 | 0.000100
451 | 0.000000
450 | 0.000500
449 | 0.000200
448 | 0.000100
447 | 0.000100
446 | 0.000000
445 | 0.000100
444 | 0.000100
443 | 0.000000
442 | 0.000400
441 | 0.000100
440 | 0.000100
439 | 0.000100
438 | 0.000100
437 | 0.000100
436 | 0.000000
435 | 0.000100
434 | 0.000400
433 | 0.000000
432 | 0.000100
431 | 0.000100
430 | 0.000000
429 | 0.000100
428 | 0.000000
427 | 0.000100
426 | 0.000000
425 | 0.000000
424 | 0.000100
423 | 0.000100
422 | 0.000100
421 | 0.000000
420 | 0.000100
419 | 0.000100
418 | 0.000000
417 | 0.000000
416 | 0.000100
415 | 0.000100
414 | 0.000100
413 | 0.000100
412 | 0.000100
411 | 0.000100
410 | 0.000100
409 | 0.000100
408 | 0.000100
407 | 0.000000
406 | 0.000100
405 | 0.000000
404 | 0.000100
403 | 0.000100
402 | 0.000000
401 | 0.000000
400 | 0.000100
399 | 0.000000
398 | 0.000100
397 | 0.000000
396 | 0.000100
395 | 0.000000
394 | 0.000000
393 | 0.000000
392 | 0.000100
391 | 0.000000
390 | 0.000100
389 | 0.000000
388 | 0.000100
387 | 0.000000
386 | 0.000000
385 | 0.000000
384 | 0.000100
383 | 0.000100
382 | 0.000000
381 | 0.000100
380 | 0.000100
379 | 0.000000
378 | 0.000000
377 | 0.000000
376 | 0.000100
375 | 0.000000
374 | 0.000000
373 | 0.000100
372 | 0.000100
371 | 0.000100
370 | 0.000000
369 | 0.000100
368 | 0.000000
367 | 0.000000
366 | 0.000100
365 | 0.000000
364 | 0.000000
363 | 0.000100
362 | 0.000000
361 | 0.000000
360 | 0.000100
359 | 0.000100
358 | 0.000000
357 | 0.000100
356 | 0.000100
355 | 0.000100
354 | 0.000100
353 | 0.000100
352 | 0.000200
351 | 0.000000
350 | 0.000000
349 | 0.000000
348 | 0.000100
347 | 0.000000
346 | 0.000100
345 | 0.000100
344 | 0.000000
343 | 0.000000
342 | 0.000000
341 | 0.000000
340 | 0.000100
339 | 0.000100
338 | 0.000000
337 | 0.000000
336 | 0.000000
335 | 0.000200
334 | 0.000100
333 | 0.000000
332 | 0.000100
331 | 0.000100
330 | 0.000100
329 | 0.000000
328 | 0.000100
327 | 0.000100
326 | 0.000100
325 | 0.000000
324 | 0.000000
323 | 0.000100
322 | 0.000000
321 | 0.000100
320 | 0.000000
319 | 0.000100
318 | 0.000100
317 | 0.000100
316 | 0.000000
315 | 0.000100
314 | 0.000100
313 | 0.000000
312 | 0.000000
311 | 0.000100
310 | 0.000100
309 | 0.000100
308 | 0.000100
307 | 0.000100
306 | 0.000000
305 | 0.000100
304 | 0.000100
303 | 0.000100
302 | 0.000100
301 | 0.000100
300 | 0.000100
299 | 0.000000
298 | 0.000000
297 | 0.000100
296 | 0.000100
295 | 0.000100
294 | 0.000000
293 | 0.000100
292 | 0.000300
291 | 0.000100
290 | 0.000100
289 | 0.000100
288 | 0.000000
287 | 0.000100
286 | 0.000100
285 | 0.000100
284 | 0.000000
283 | 0.000100
282 | 0.000000
281 | 0.000100
280 | 0.000000
279 | 0.000100
278 | 0.000000
277 | 0.000000
276 | 0.000000
275 | 0.000000
274 | 0.000000
273 | 0.000000
272 | 0.000000
271 | 0.000000
270 | 0.000100
269 | 0.000000
268 | 0.000100
267 | 0.000000
266 | 0.000000
265 | 0.000100
264 | 0.000100
263 | 0.000000
262 | 0.000200
261 | 0.000100
260 | 0.000300
259 | 0.000000
258 | 0.000300
257 | 0.000000
256 | 0.000000
255 | 0.000100
254 | 0.000100
253 | 0.000100
252 | 0.000100
251 | 0.000100
250 | 0.000200
249 | 0.000000
248 | 0.000100
247 | 0.000100
246 | 0.000100
245 | 0.000100
244 | 0.000100
243 | 0.000000
242 | 0.000100
241 | 0.000000
240 | 0.000000
239 | 0.000100
238 | 0.000100
237 | 0.000200
236 | 0.000100
235 | 0.000000
234 | 0.000000
233 | 0.000000
232 | 0.000000
231 | 0.000100
230 | 0.000000
229 | 0.000100
228 | 0.000100
227 | 0.000100
226 | 0.000000
225 | 0.000000
224 | 0.000000
223 | 0.000100
222 | 0.000000
221 | 0.000100
220 | 0.000000
219 | 0.000100
218 | 0.000000
217 | 0.000000
216 | 0.000100
215 | 0.000000
214 | 0.000100
213 | 0.000100
212 | 0.000000
211 | 0.000100
210 | 0.000000
209 | 0.000100
208 | 0.000000
207 | 0.000100
206 | 0.000100
205 | 0.000100
204 | 0.000000
203 | 0.000100
202 | 0.000100
201 | 0.000100
200 | 0.000100
199 | 0.000100
198 | 0.000000
197 | 0.000000
196 | 0.000000
195 | 0.000000
194 | 0.000000
193 | 0.000000
192 | 0.000000
191 | 0.000000
190 | 0.000000
189 | 0.000100
188 | 0.000000
187 | 0.000100
186 | 0.000000
185 | 0.000100
184 | 0.000000
183 | 0.000100
182 | 0.000000
181 | 0.000100
180 | 0.000000
179 | 0.000100
178 | 0.000100
177 | 0.000000
176 | 0.000100
175 | 0.000100
174 | 0.000000
173 | 0.000000
172 | 0.000100
171 | 0.000000
170 | 0.000100
169 | 0.000100
168 | 0.000100
167 | 0.000100
166 | 0.000100
165 | 0.000100
164 | 0.000100
163 | 0.000000
162 | 0.000000
161 | 0.000100
160 | 0.000100
159 | 0.000000
158 | 0.000000
157 | 0.000100
156 | 0.000100
155 | 0.000100
154 | 0.000100
153 | 0.000000
152 | 0.000100
151 | 0.000100
150 | 0.000000
149 | 0.000100
148 | 0.000000
147 | 0.000000
146 | 0.000100
145 | 0.000100
144 | 0.000000
143 | 0.000000
142 | 0.000000
141 | 0.000200
140 | 0.000100
139 | 0.000000
138 | 0.000100
137 | 0.000100
136 | 0.000000
135 | 0.000100
134 | 0.000100
133 | 0.000100
132 | 0.000000
131 | 0.000000
130 | 0.000000
129 | 0.000400
128 | 0.000000
127 | 0.000000
126 | 0.000100
125 | 0.000000
124 | 0.000000
123 | 0.000000
122 | 0.000000
121 | 0.000100
120 | 0.000000
119 | 0.000100
118 | 0.000100
117 | 0.000100
116 | 0.000000
115 | 0.000100
114 | 0.000100
113 | 0.000000
112 | 0.000000
111 | 0.000100
110 | 0.000100
109 | 0.000000
108 | 0.000000
107 | 0.000000
106 | 0.000000
105 | 0.000100
104 | 0.000000
103 | 0.000100
102 | 0.000000
101 | 0.000000
100 | 0.000000
99 | 0.000000
98 | 0.000100
97 | 0.000000
96 | 0.000000
95 | 0.000100
94 | 0.000000
93 | 0.000100
92 | 0.000100
91 | 0.000100
90 | 0.000000
89 | 0.000000
88 | 0.000100
87 | 0.000100
86 | 0.000100
85 | 0.000100
84 | 0.000000
83 | 0.000100
82 | 0.000100
81 | 0.000000
80 | 0.000200
79 | 0.000100
78 | 0.000000
77 | 0.000100
76 | 0.000000
75 | 0.000000
74 | 0.000000
73 | 0.000100
72 | 0.000100
71 | 0.000100
70 | 0.000000
69 | 0.000000
68 | 0.000100
67 | 0.000100
66 | 0.000100
65 | 0.000100
64 | 0.000100
63 | 0.000000
62 | 0.000100
61 | 0.000100
60 | 0.000100
59 | 0.000100
58 | 0.000000
57 | 0.000000
56 | 0.000000
55 | 0.000100
54 | 0.000100
53 | 0.000000
52 | 0.000100
51 | 0.000000
50 | 0.000000
49 | 0.000000
48 | 0.000100
47 | 0.000100
46 | 0.000100
45 | 0.000100
44 | 0.000100
43 | 0.000000
42 | 0.000100
41 | 0.000000
40 | 0.000100
39 | 0.000100
38 | 0.000000
37 | 0.000000
36 | 0.000000
35 | 0.000100
34 | 0.000000
33 | 0.000100
32 | 0.000100
31 | 0.000000
30 | 0.000000
29 | 0.000000
28 | 0.000100
27 | 0.000100
26 | 0.000000
25 | 0.000100
24 | 0.000100
23 | 0.000100
22 | 0.001800
21 | 0.000100
20 | 0.000000
19 | 0.000000
18 | 0.000000
17 | 0.000000
16 | 0.000000
15 | 0.000100
14 | 0.000000
13 | 0.000000
12 | 0.000100
11 | 0.000100
10 | 0.000100
9 | 0.000000
8 | 0.000000
7 | 0.000000
6 | 0.000100
5 | 0.000100
4 | 0.000000
3 | 0.000100
2 | 0.000100
1 | 0.000100
2 | 0.000100
3 | 0.000000
4 | 0.000100
3 | 0.000100
3 | 0.000000
1 | 0.000100
1 | 0.000000
3 | 0.000000
2 | 0.000100
3 | 0.000100
3 | 0.000000
4 | 0.000000
2 | 0.000100
4 | 0.000000
3 | 0.000000
10 | 0.000000
9 | 0.000000
7 | 0.000000
7 | 0.000000
6 | 0.000000
6 | 0.000000
5 | 0.000000
4 | 0.000000
7 | 0.000000
6 | 0.000100
6 | 0.000100
7 | 0.000000
4 | 0.000000
4 | 0.000000
3 | 0.000000
7 | 0.000000
6 | 0.000000
6 | 0.000100
7 | 0.000100
8 | 0.000000
7 | 0.000100
6 | 0.000000
6 | 0.000100
9 | 0.000100
8 | 0.000100
10 | 0.000000
18 | 0.000000
18 | 0.000000
18 | 0.000100
18 | 0.000000
19 | 0.000000
19 | 0.000000
18 | 0.000000
20 | 0.000100
20 | 0.000000
20 | 0.000100
18 | 0.000000
17 | 0.000100
21 | 0.000100
24 | 0.000000
22 | 0.000100
21 | 0.000000
21 | 0.000000
25 | 0.000000
25 | 0.000100
25 | 0.000100
26 | 0.000000
31 | 0.000000
30 | 0.000100
33 | 0.000100
33 | 0.000000
32 | 0.000000
32 | 0.000000
34 | 0.000000
34 | 0.000100
32 | 0.000000
30 | 0.000100
30 | 0.000100
33 | 0.000000
31 | 0.000000
30 | 0.000000
31 | 0.000000
32 | 0.000000
32 | 0.000000
31 | 0.000100
32 | 0.000000
36 | 0.000000
36 | 0.000100
38 | 0.000100
37 | 0.000000
38 | 0.000000
37 | 0.000100
37 | 0.000100
38 | 0.000000
38 | 0.000000
36 | 0.000000
34 | 0.000000
35 | 0.000100
41 | 0.000100
40 | 0.000100
42 | 0.000100
41 | 0.000000
44 | 0.000100
41 | 0.000000
39 | 0.000100
39 | 0.000000
35 | 0.000100
34 | 0.000100
35 | 0.000100
32 | 0.000000
39 | 0.000000
43 | 0.000000
44 | 0.000000
44 | 0.000000
43 | 0.000000
43 | 0.000100
41 | 0.000000
38 | 0.000000
38 | 0.000100
40 | 0.000000
38 | 0.000000
37 | 0.000100
36 | 0.000000
36 | 0.000100
35 | 0.000100
35 | 0.000000
34 | 0.000100
34 | 0.000100
35 | 0.000000
34 | 0.000000
40 | 0.000100
39 | 0.000000
40 | 0.000000
52 | 0.000000
51 | 0.000100
47 | 0.000000
45 | 0.000000
47 | 0.000100
47 | 0.000000
46 | 0.000000
44 | 0.000000
42 | 0.000000
42 | 0.000000
40 | 0.000000
39 | 0.000000
40 | 0.000100
39 | 0.000000
39 | 0.000000
40 | 0.000100
39 | 0.000000
38 | 0.000000
38 | 0.000000
39 | 0.000100
44 | 0.000000
44 | 0.000000
43 | 0.000000
42 | 0.000000
51 | 0.000000
57 | 0.000000
60 | 0.000000
64 | 0.000100
63 | 0.000000
60 | 0.000100
62 | 0.000000
64 | 0.000000
63 | 0.000100
67 | 0.000000
67 | 0.000000
67 | 0.000100
66 | 0.000100
65 | 0.000100
65 | 0.000100
70 | 0.000100
70 | 0.000100
69 | 0.000100
68 | 0.000100
63 | 0.000100
65 | 0.000100
65 | 0.000100
65 | 0.000000
66 | 0.000100
65 | 0.000000
64 | 0.000000
66 | 0.000100
68 | 0.000100
68 | 0.000100
67 | 0.000100
69 | 0.000000
69 | 0.000100
71 | 0.000100
74 | 0.000000
75 | 0.000100
75 | 0.000000
74 | 0.000000
73 | 0.000100
71 | 0.000100
71 | 0.000100
71 | 0.000100
69 | 0.000000
72 | 0.000100
70 | 0.000000
75 | 0.000100
73 | 0.000100
75 | 0.000000
77 | 0.000100
75 | 0.000000
79 | 0.000000
79 | 0.000100
80 | 0.000200
77 | 0.000000
85 | 0.000000
83 | 0.000000
84 | 0.000100
83 | 0.000100
82 | 0.000000
82 | 0.000000
79 | 0.000100
77 | 0.000100
75 | 0.000000
74 | 0.000100
76 | 0.000000
74 | 0.000000
72 | 0.000000
70 | 0.000000
71 | 0.000100
73 | 0.000000
73 | 0.000000
70 | 0.000000
71 | 0.000000
71 | 0.000100
70 | 0.000200
70 | 0.000000
70 | 0.000100
68 | 0.000100
67 | 0.000100
66 | 0.000100
65 | 0.000000
65 | 0.000100
65 | 0.000000
64 | 0.000000
62 | 0.000000
62 | 0.000000
61 | 0.000100
65 | 0.000100
64 | 0.000000
66 | 0.000000
72 | 0.000000
74 | 0.000100
69 | 0.000100
68 | 0.000000
67 | 0.000000
66 | 0.000100
65 | 0.000100
64 | 0.000100
61 | 0.000100
60 | 0.000100
59 | 0.000000
59 | 0.000000
58 | 0.000100
60 | 0.000000
59 | 0.000000
61 | 0.000000
62 | 0.000100
62 | 0.000000
61 | 0.000000
62 | 0.000000
61 | 0.000100
61 | 0.000100
59 | 0.000100
58 | 0.000100
58 | 0.000000
58 | 0.000000
61 | 0.000000
61 | 0.000100
64 | 0.000000
64 | 0.000100
64 | 0.000000
62 | 0.000100
62 | 0.000000
62 | 0.000100
61 | 0.000000
61 | 0.000100
61 | 0.000100
60 | 0.000000
59 | 0.000100
60 | 0.000000
65 | 0.000100
62 | 0.000100
61 | 0.000000
63 | 0.000100
62 | 0.000100
62 | 0.000000
62 | 0.000000
61 | 0.000100
62 | 0.000000
64 | 0.000100
63 | 0.000100
63 | 0.000100
61 | 0.000100
59 | 0.000100
57 | 0.000100
56 | 0.000100
57 | 0.000000
59 | 0.000000
61 | 0.000000
61 | 0.000000
59 | 0.000100
58 | 0.000000
57 | 0.000100
56 | 0.000000
56 | 0.000000
58 | 0.000100
61 | 0.000000
61 | 0.000000
59 | 0.000000
61 | 0.000000
64 | 0.000100
67 | 0.000000
69 | 0.000100
68 | 0.000100
68 | 0.000100
67 | 0.000000
68 | 0.000100
66 | 0.000000
71 | 0.000100
71 | 0.000100
71 | 0.000000
70 | 0.000000
70 | 0.000000
69 | 0.000000
67 | 0.000000
66 | 0.000100
65 | 0.000100
66 | 0.000100
66 | 0.000100
65 | 0.000000
66 | 0.000100
65 | 0.000000
63 | 0.000100
62 | 0.000100
64 | 0.000100
63 | 0.000000
61 | 0.000100
61 | 0.000100
60 | 0.000200
62 | 0.000000
61 | 0.000100
62 | 0.000100
61 | 0.000000
60 | 0.000000
67 | 0.000100
66 | 0.000100
65 | 0.000100
66 | 0.000100
66 | 0.000000
64 | 0.000200
63 | 0.000100
64 | 0.000900
63 | 0.000100
63 | 0.000200
63 | 0.000100
62 | 0.000100
59 | 0.000000
58 | 0.000100
59 | 0.000100
69 | 0.000100
66 | 0.000000
65 | 0.000100
67 | 0.000000
67 | 0.000100
69 | 0.000100
69 | 0.000000
68 | 0.000000
67 | 0.000000
65 | 0.000100
67 | 0.000000
66 | 0.000000
69 | 0.000100
67 | 0.000000
66 | 0.000100
65 | 0.000000
63 | 0.000100
63 | 0.000000
61 | 0.000000
63 | 0.000000
65 | 0.000000
64 | 0.000100
63 | 0.000000
64 | 0.000000
64 | 0.000100
63 | 0.000100
61 | 0.000100
60 | 0.000100
59 | 0.000100
58 | 0.000000
56 | 0.000000
55 | 0.000000
54 | 0.000100
56 | 0.000100
55 | 0.000100
57 | 0.000100
57 | 0.000100
58 | 0.000100
58 | 0.000100
59 | 0.000000
62 | 0.000000
63 | 0.000000
62 | 0.000000
61 | 0.000000
60 | 0.000000
59 | 0.000100
58 | 0.000000
57 | 0.000100
57 | 0.000100
58 | 0.000100
57 | 0.000000
54 | 0.000000
54 | 0.000000
53 | 0.000000
53 | 0.000100
52 | 0.000100
52 | 0.000100
52 | 0.000100
50 | 0.000000
49 | 0.000000
47 | 0.000100
47 | 0.000000
48 | 0.000000
57 | 0.000100
57 | 0.000100
62 | 0.000000
63 | 0.000100
66 | 0.000000
66 | 0.000100
66 | 0.000100
67 | 0.000000
66 | 0.000000
65 | 0.000000
68 | 0.000100
68 | 0.000000
68 | 0.000000
66 | 0.000100
66 | 0.000000
66 | 0.000000
65 | 0.000000
63 | 0.000100
66 | 0.000100
65 | 0.000000
66 | 0.000100
71 | 0.000000
72 | 0.000000
73 | 0.000000
73 | 0.000100
71 | 0.000100
71 | 0.000000
73 | 0.000000
73 | 0.000000
71 | 0.000100
70 | 0.000000
71 | 0.000100
68 | 0.000100
68 | 0.000000
68 | 0.000000
68 | 0.000000
67 | 0.000100
66 | 0.000000
65 | 0.000000
65 | 0.000100
68 | 0.000000
68 | 0.000100
68 | 0.000100
70 | 0.000000
73 | 0.000100
73 | 0.000100
72 | 0.000000
71 | 0.000000
71 | 0.000000
69 | 0.000000
67 | 0.000000
65 | 0.000100
66 | 0.000000
65 | 0.000000
67 | 0.000100
66 | 0.000100
65 | 0.000000
65 | 0.000000
65 | 0.000100
64 | 0.000000
63 | 0.000100
61 | 0.000000
60 | 0.000100
60 | 0.000100
59 | 0.000000
56 | 0.000100
55 | 0.000000
55 | 0.000100
56 | 0.000000
56 | 0.000000
53 | 0.000100
56 | 0.000100
56 | 0.000100
55 | 0.000000
54 | 0.000000
56 | 0.000100
55 | 0.000100
55 | 0.000100
58 | 0.000100
58 | 0.000100
57 | 0.000100
57 | 0.000100
56 | 0.000000
55 | 0.000000
56 | 0.000000
53 | 0.000000
54 | 0.000000
54 | 0.000000
56 | 0.000000
56 | 0.000000
62 | 0.000100
60 | 0.000100
59 | 0.000100
58 | 0.000100
59 | 0.000100
57 | 0.000000
58 | 0.000100
57 | 0.000100
56 | 0.000000
56 | 0.000100
54 | 0.000100
53 | 0.000100
57 | 0.000000
56 | 0.000500
56 | 0.000100
55 | 0.000000
54 | 0.000000
51 | 0.000000
53 | 0.000000
52 | 0.000000
52 | 0.000000
52 | 0.000000
51 | 0.000100
51 | 0.000100
52 | 0.000000
51 | 0.000100
50 | 0.000000
50 | 0.000100
49 | 0.000000
49 | 0.000100
51 | 0.000100
50 | 0.000000
49 | 0.000000
49 | 0.000100
42 | 0.000100
41 | 0.000000
40 | 0.000200
39 | 0.000100
45 | 0.000000
50 | 0.000000
49 | 0.000000
46 | 0.000000
46 | 0.000000
46 | 0.000100
45 | 0.000100
49 | 0.000100
47 | 0.000000
50 | 0.000000
49 | 0.000100
52 | 0.000100
51 | 0.000100
51 | 0.000100
51 | 0.000100
50 | 0.000100
50 | 0.000000
49 | 0.000000
48 | 0.000100
47 | 0.000000
46 | 0.000000
51 | 0.000000
50 | 0.000000
52 | 0.000100
52 | 0.000000
51 | 0.000000
51 | 0.000000
50 | 0.000100
51 | 0.000100
50 | 0.000000
49 | 0.000000
48 | 0.000000
48 | 0.000000
50 | 0.000000
54 | 0.000000
53 | 0.000100
57 | 0.000000
57 | 0.000000
58 | 0.000000
58 | 0.000100
59 | 0.000000
57 | 0.000000
57 | 0.000100
57 | 0.000000
56 | 0.000000
55 | 0.000100
56 | 0.000100
55 | 0.000000
55 | 0.000000
54 | 0.000100
57 | 0.000000
59 | 0.000000
58 | 0.000000
58 | 0.000200
57 | 0.000100
56 | 0.000000
56 | 0.000000
58 | 0.000000
56 | 0.000100
56 | 0.000000
56 | 0.000100
55 | 0.000100
55 | 0.000000
55 | 0.000000
54 | 0.000000
54 | 0.000000
61 | 0.000100
61 | 0.000000
60 | 0.000100
62 | 0.000100
61 | 0.000000
60 | 0.000100
60 | 0.000000
59 | 0.000000
58 | 0.000000
57 | 0.000000
57 | 0.000000
56 | 0.000000
54 | 0.000000
53 | 0.000000
50 | 0.000000
49 | 0.000000
49 | 0.000000
49 | 0.000000
49 | 0.000000
48 | 0.000100
47 | 0.000100
45 | 0.000000
49 | 0.000000
47 | 0.000000
49 | 0.000000
52 | 0.000100
51 | 0.000000
54 | 0.000100
55 | 0.000100
61 | 0.000100
60 | 0.000100
60 | 0.000000
61 | 0.000100
61 | 0.000000
62 | 0.000000
63 | 0.000100
64 | 0.000000
64 | 0.000000
62 | 0.000000
60 | 0.000000
66 | 0.000000
67 | 0.000000
66 | 0.000100
65 | 0.000100
64 | 0.000100
61 | 0.000000
61 | 0.000000
62 | 0.000100
61 | 0.000000
58 | 0.000000
60 | 0.000000
61 | 0.000100
61 | 0.000000
60 | 0.000100
59 | 0.000100
59 | 0.000000
58 | 0.000000
60 | 0.000100
64 | 0.000000
64 | 0.000000
63 | 0.000100
62 | 0.000000
62 | 0.000000
63 | 0.000000
62 | 0.000100
61 | 0.000100
61 | 0.000000
60 | 0.000000
59 | 0.000000
57 | 0.000000
64 | 0.000100
62 | 0.000100
63 | 0.000100
63 | 0.000100
64 | 0.000000
65 | 0.000100
65 | 0.000100
65 | 0.000100
63 | 0.000000
64 | 0.000000
67 | 0.000100
69 | 0.000100
68 | 0.000000
68 | 0.000100
66 | 0.000000
64 | 0.000000
64 | 0.000100
66 | 0.000000
64 | 0.000000
61 | 0.000100
62 | 0.000100
61 | 0.000200
60 | 0.000100
59 | 0.000100
61 | 0.000100
58 | 0.000100
57 | 0.000100
61 | 0.000000
60 | 0.000100
60 | 0.000000
58 | 0.000100
62 | 0.000000
69 | 0.000100
70 | 0.000000
69 | 0.000000
69 | 0.000000
68 | 0.000000
67 | 0.000000
67 | 0.000000
66 | 0.000100
65 | 0.000000
65 | 0.000100
64 | 0.000000
64 | 0.000000
59 | 0.000100
58 | 0.000100
56 | 0.000000
56 | 0.000100
57 | 0.000100
56 | 0.000000
54 | 0.000100
53 | 0.000200
52 | 0.000100
52 | 0.000000
52 | 0.000100
53 | 0.000000
50 | 0.000200
49 | 0.000100
51 | 0.000000
55 | 0.000000
53 | 0.000100
52 | 0.000000
52 | 0.000000
58 | 0.000100
57 | 0.000000
56 | 0.000000
54 | 0.000000
53 | 0.000000
52 | 0.000100
53 | 0.000000
52 | 0.000100
54 | 0.000100
53 | 0.000000
53 | 0.000000
52 | 0.000100
58 | 0.000100
59 | 0.000000
60 | 0.000000
60 | 0.000100
59 | 0.000100
58 | 0.000000
60 | 0.000100
59 | 0.000100
57 | 0.000000
60 | 0.000000
58 | 0.000000
58 | 0.000000
56 | 0.000100
55 | 0.000000
57 | 0.000100
56 | 0.000000
55 | 0.000100
53 | 0.000000
54 | 0.000000
54 | 0.000100
52 | 0.000100
51 | 0.000000
50 | 0.000100
52 | 0.000000
52 | 0.000100
53 | 0.000100
53 | 0.000000
54 | 0.000000
52 | 0.000000
52 | 0.000100
56 | 0.000100
55 | 0.000000
56 | 0.000200
55 | 0.000100
55 | 0.000100
55 | 0.000000
53 | 0.000100
52 | 0.000000
53 | 0.000000
52 | 0.000000
53 | 0.000000
52 | 0.000100
64 | 0.000000
62 | 0.000000
61 | 0.000100
60 | 0.000000
60 | 0.000100
59 | 0.000100
59 | 0.000100
57 | 0.000000
56 | 0.000100
60 | 0.000000
63 | 0.000100
67 | 0.000000
66 | 0.000000
66 | 0.000000
65 | 0.000000
69 | 0.000000
66 | 0.000000
63 | 0.000000
61 | 0.000100
59 | 0.000100
58 | 0.000100
57 | 0.000100
56 | 0.000100
58 | 0.000100
58 | 0.000000
60 | 0.000000
59 | 0.000100
60 | 0.000100
60 | 0.000000
63 | 0.000000
62 | 0.000000
61 | 0.000100
60 | 0.000100
62 | 0.000100
61 | 0.000100
62 | 0.000000
61 | 0.000000
59 | 0.000000
57 | 0.000100
56 | 0.000100
52 | 0.000100
55 | 0.000100
55 | 0.000000
56 | 0.000000
56 | 0.000100
56 | 0.000100
55 | 0.000000
53 | 0.000000
54 | 0.000100
52 | 0.000300
51 | 0.000100
52 | 0.000100
57 | 0.000000
57 | 0.000100
56 | 0.000000
55 | 0.000000
55 | 0.000100
53 | 0.000100
52 | 0.000000
53 | 0.000100
52 | 0.000100
51 | 0.000100
50 | 0.000000
49 | 0.000100
49 | 0.000100
48 | 0.000500
47 | 0.000000
47 | 0.000000
48 | 0.000100
47 | 0.000100
48 | 0.000000
47 | 0.000100
46 | 0.000000
46 | 0.000200
44 | 0.000100
45 | 0.000000
44 | 0.000000
43 | 0.000600
43 | 0.000000
46 | 0.000100
46 | 0.000100
45 | 0.000000
44 | 0.000100
44 | 0.000100
44 | 0.000100
43 | 0.000300
41 | 0.000000
38 | 0.000100
39 | 0.000100
39 | 0.000100
39 | 0.000100
39 | 0.000000
40 | 0.000100
39 | 0.000300
39 | 0.000000
39 | 0.000100
38 | 0.000100
37 | 0.000000
36 | 0.000200
35 | 0.000400
34 | 0.000000
33 | 0.000100
36 | 0.000100
36 | 0.000100
42 | 0.000100
47 | 0.000100
46 | 0.000100
45 | 0.000000
43 | 0.000100
43 | 0.000000
44 | 0.000000
44 | 0.000000
44 | 0.000000
42 | 0.000000
41 | 0.000000
40 | 0.000100
39 | 0.000100
38 | 0.000100
37 | 0.000200
36 | 0.000000
38 | 0.000000
40 | 0.000000
40 | 0.000000
41 | 0.000000
43 | 0.000000
42 | 0.000000
43 | 0.000000
41 | 0.000100
41 | 0.000100
40 | 0.000000
42 | 0.000100
41 | 0.000100
44 | 0.000000
42 | 0.000100
40 | 0.000000
38 | 0.000000
37 | 0.000100
38 | 0.000000
44 | 0.000000
43 | 0.000000
43 | 0.000100
45 | 0.000000
45 | 0.000000
45 | 0.000100
44 | 0.000000
43 | 0.000000
40 | 0.000000
39 | 0.000100
41 | 0.000000
40 | 0.000300
39 | 0.000000
38 | 0.000000
37 | 0.000100
35 | 0.000000
37 | 0.000000
36 | 0.000100
36 | 0.000100
36 | 0.000000
37 | 0.000000
36 | 0.000100
35 | 0.000000
38 | 0.000100
36 | 0.000000
36 | 0.000000
37 | 0.000100
36 | 0.000100
34 | 0.000000
33 | 0.000100
35 | 0.000000
34 | 0.000000
33 | 0.000100
31 | 0.000000
32 | 0.000000
33 | 0.000000
39 | 0.000100
39 | 0.000100
41 | 0.000100
40 | 0.000100
37 | 0.000100
36 | 0.000100
37 | 0.000100
36 | 0.000100
36 | 0.000000
34 | 0.000100
38 | 0.000100
43 | 0.000100
46 | 0.000100
46 | 0.000100
45 | 0.000100
43 | 0.000000
45 | 0.000100
45 | 0.000100
45 | 0.000000
44 | 0.000100
44 | 0.000000
44 | 0.000100
46 | 0.000100
48 | 0.000100
50 | 0.000000
48 | 0.000000
48 | 0.000000
47 | 0.000100
48 | 0.000000
46 | 0.000100
44 | 0.000000
43 | 0.000000
43 | 0.000100
44 | 0.000000
44 | 0.000000
43 | 0.000000
40 | 0.000000
41 | 0.000000
41 | 0.000000
42 | 0.000000
41 | 0.000000
40 | 0.000100
38 | 0.000000
40 | 0.000100
40 | 0.000000
44 | 0.000100
48 | 0.000000
48 | 0.000000
48 | 0.000000
50 | 0.000000
49 | 0.000100
52 | 0.000100
53 | 0.000100
51 | 0.000100
53 | 0.000100
52 | 0.000000
50 | 0.000100
50 | 0.000100
51 | 0.000000
54 | 0.000000
53 | 0.000100
53 | 0.000000
54 | 0.000100
53 | 0.000100
53 | 0.000000
54 | 0.000000
54 | 0.000000
52 | 0.000000
51 | 0.000000
50 | 0.000000
49 | 0.000000
47 | 0.000100
47 | 0.000100
49 | 0.000100
49 | 0.000100
48 | 0.000000
51 | 0.000100
52 | 0.000000
50 | 0.000000
48 | 0.000000
51 | 0.000000
51 | 0.000000
53 | 0.000000
53 | 0.000000
52 | 0.000000
51 | 0.000100
51 | 0.000100
51 | 0.000000
51 | 0.000100
50 | 0.000100
51 | 0.000000
49 | 0.000100
49 | 0.000400
48 | 0.000100
50 | 0.000100
49 | 0.000100
47 | 0.000100
48 | 0.000100
47 | 0.000000
47 | 0.000100
47 | 0.000000
49 | 0.000000
48 | 0.000000
58 | 0.000100
56 | 0.000100
58 | 0.000100
59 | 0.000100
58 | 0.000000
57 | 0.000000
56 | 0.000000
58 | 0.000100
58 | 0.000100
59 | 0.000000
59 | 0.000100
58 | 0.000000
59 | 0.000000
59 | 0.000100
58 | 0.000100
57 | 0.000200
56 | 0.000100
58 | 0.000100
55 | 0.000000
54 | 0.000900
55 | 0.000100
54 | 0.000000
53 | 0.001100
52 | 0.000100
49 | 0.000200
48 | 0.000700
49 | 0.000000
49 | 0.000100
48 | 0.000100
48 | 0.000400
48 | 0.000100
47 | 0.000100
46 | 0.000100
45 | 0.000100
45 | 0.000000
46 | 0.000000
45 | 0.000100
44 | 0.000100
45 | 0.000000
43 | 0.000000
45 | 0.000100
44 | 0.000000
43 | 0.000100
42 | 0.000000
44 | 0.000100
44 | 0.000000
41 | 0.000000
40 | 0.000000
40 | 0.000000
40 | 0.000100
38 | 0.000000
37 | 0.000100
36 | 0.000000
34 | 0.000000
34 | 0.000000
35 | 0.000100
34 | 0.000100
32 | 0.000100
38 | 0.000000
37 | 0.000100
38 | 0.000000
38 | 0.000100
40 | 0.000100
43 | 0.000100
45 | 0.000000
44 | 0.000000
45 | 0.000000
45 | 0.000000
44 | 0.000100
43 | 0.000000
41 | 0.000100
42 | 0.000000
43 | 0.000000
42 | 0.000000
42 | 0.000000
41 | 0.000000
41 | 0.000000
46 | 0.000100
49 | 0.000100
46 | 0.000000
46 | 0.000100
50 | 0.000000
54 | 0.000000
54 | 0.000100
60 | 0.000000
59 | 0.000000
61 | 0.000000
62 | 0.000000
62 | 0.000100
65 | 0.000100
67 | 0.000100
67 | 0.000000
66 | 0.000100
67 | 0.000100
67 | 0.000000
69 | 0.000000
68 | 0.000100
68 | 0.000100
67 | 0.000000
68 | 0.000000
68 | 0.000000
68 | 0.000000
68 | 0.000100
72 | 0.000100
72 | 0.000100
72 | 0.000000
69 | 0.000000
68 | 0.000000
70 | 0.000000
72 | 0.000100
72 | 0.000000
71 | 0.000000
70 | 0.000000
70 | 0.000100
70 | 0.000100
71 | 0.000000
70 | 0.000100
70 | 0.000000
72 | 0.000100
71 | 0.000100
70 | 0.000000
71 | 0.000100
70 | 0.000100
70 | 0.000100
69 | 0.000100
68 | 0.000100
67 | 0.000000
65 | 0.000000
67 | 0.000000
67 | 0.000100
67 | 0.000000
66 | 0.000100
65 | 0.000000
66 | 0.000100
68 | 0.000100
69 | 0.000100
68 | 0.000000
70 | 0.000100
76 | 0.000100
76 | 0.000000
76 | 0.000100
75 | 0.000000
74 | 0.000100
74 | 0.000000
77 | 0.000100
76 | 0.000000
76 | 0.000000
75 | 0.000000
73 | 0.000100
74 | 0.000000
74 | 0.000100
77 | 0.000100
76 | 0.000000
80 | 0.000100
80 | 0.000000
83 | 0.000000
87 | 0.000000
85 | 0.000000
84 | 0.000000
86 | 0.000100
88 | 0.000000
88 | 0.000000
87 | 0.000000
87 | 0.000000
86 | 0.000000
85 | 0.000100
88 | 0.000100
87 | 0.000100
86 | 0.000100
88 | 0.000000
87 | 0.000000
90 | 0.000000
92 | 0.000100
90 | 0.000000
90 | 0.000000
88 | 0.000000
87 | 0.000100
91 | 0.000100
90 | 0.000000
94 | 0.000000
97 | 0.000100
97 | 0.000000
96 | 0.000000
98 | 0.000100
96 | 0.000000
98 | 0.000100
97 | 0.000100
98 | 0.000100
98 | 0.000000
98 | 0.000000
97 | 0.000100
98 | 0.000100
97 | 0.000100
94 | 0.000000
93 | 0.000100
92 | 0.000000
90 | 0.000000
89 | 0.000100
88 | 0.000000
87 | 0.000000
91 | 0.000100
90 | 0.000000
89 | 0.000100
91 | 0.000100
91 | 0.000000
89 | 0.000000
90 | 0.000000
90 | 0.000000
89 | 0.000000
87 | 0.000000
86 | 0.000000
85 | 0.000000
84 | 0.000000
90 | 0.000100
89 | 0.000000
88 | 0.000100
93 | 0.000000
101 | 0.000000
103 | 0.000000
103 | 0.000000
101 | 0.000000
103 | 0.000100
105 | 0.000000
104 | 0.000100
103 | 0.000000
107 | 0.000100
107 | 0.000100
106 | 0.000100
105 | 0.000000
106 | 0.000200
106 | 0.000100
105 | 0.000000
104 | 0.000000
103 | 0.000100
104 | 0.000100
103 | 0.000000
103 | 0.000100
102 | 0.000000
102 | 0.000100
101 | 0.000000
99 | 0.000100
104 | 0.000000
100 | 0.000100
104 | 0.000100
103 | 0.000100
100 | 0.000000
100 | 0.000100
99 | 0.000000
107 | 0.000000
105 | 0.000000
104 | 0.000100
103 | 0.000100
101 | 0.000100
100 | 0.000100
100 | 0.000100
100 | 0.000100
99 | 0.000000
97 | 0.000000
99 | 0.000000
100 | 0.000000
99 | 0.000100
97 | 0.000000
95 | 0.000300
100 | 0.000100
99 | 0.000100
99 | 0.000100
98 | 0.000100
97 | 0.000100
96 | 0.000100
102 | 0.000100
101 | 0.000000
104 | 0.000000
104 | 0.000000
109 | 0.000500
108 | 0.000100
111 | 0.000000
111 | 0.000000
110 | 0.000000
110 | 0.000000
109 | 0.000100
110 | 0.000000
109 | 0.000000
107 | 0.000000
111 | 0.000100
110 | 0.000000
110 | 0.000000
111 | 0.000100
110 | 0.000000
109 | 0.000100
108 | 0.000000
108 | 0.000000
108 | 0.000000
108 | 0.000100
112 | 0.000000
110 | 0.000100
109 | 0.000000
109 | 0.000000
108 | 0.000100
110 | 0.000100
113 | 0.000100
115 | 0.000100
113 | 0.000000
112 | 0.000100
111 | 0.000100
111 | 0.000000
110 | 0.000000
109 | 0.000100
112 | 0.000000
111 | 0.000000
111 | 0.000100
109 | 0.000000
107 | 0.000100
106 | 0.000000
104 | 0.000100
103 | 0.000000
102 | 0.000100
102 | 0.000000
101 | 0.000100
104 | 0.000000
107 | 0.000100
114 | 0.000000
113 | 0.000100
124 | 0.000100
123 | 0.000000
121 | 0.000000
122 | 0.000100
121 | 0.000100
121 | 0.000100
121 | 0.000000
121 | 0.000000
120 | 0.000000
121 | 0.000100
122 | 0.000000
121 | 0.000100
123 | 0.000100
122 | 0.000000
129 | 0.000000
130 | 0.000000
129 | 0.000000
137 | 0.000000
136 | 0.000000
136 | 0.000100
136 | 0.000000
134 | 0.000000
134 | 0.000100
134 | 0.000000
135 | 0.000100
133 | 0.000000
133 | 0.000100
132 | 0.000100
133 | 0.000000
132 | 0.000100
131 | 0.000000
130 | 0.000100
130 | 0.000100
133 | 0.000000
132 | 0.000000
131 | 0.000000
132 | 0.000100
132 | 0.000000
134 | 0.000000
133 | 0.000000
136 | 0.000100
134 | 0.014800
135 | 0.000000
135 | 0.000000
135 | 0.000000
140 | 0.000100
139 | 0.000000
138 | 0.000000
138 | 0.000000
139 | 0.000100
140 | 0.000000
142 | 0.000000
144 | 0.000000
145 | 0.000000
144 | 0.000100
144 | 0.000100
146 | 0.000000
145 | 0.000100
143 | 0.000100
142 | 0.000000
141 | 0.000100
140 | 0.000000
144 | 0.000000
146 | 0.000000
147 | 0.000000
147 | 0.000100
148 | 0.000100
149 | 0.000100
149 | 0.000000
155 | 0.000000
154 | 0.000100
153 | 0.000100
151 | 0.000100
152 | 0.000100
152 | 0.000100
152 | 0.000100
151 | 0.000100
152 | 0.000100
152 | 0.000000
152 | 0.000000
152 | 0.000000
152 | 0.000000
154 | 0.000100
151 | 0.000100
151 | 0.000000
151 | 0.000100
150 | 0.000100
154 | 0.000100
154 | 0.000200
154 | 0.000100
154 | 0.000100
153 | 0.000100
154 | 0.000100
154 | 0.000100
154 | 0.000000
157 | 0.000100
162 | 0.000000
161 | 0.000100
161 | 0.000000
161 | 0.000000
158 | 0.000000
157 | 0.000100
161 | 0.000100
160 | 0.000000
158 | 0.000100
162 | 0.000000
162 | 0.000000
161 | 0.000000
160 | 0.000000
158 | 0.000000
157 | 0.000100
155 | 0.000100
155 | 0.000100
153 | 0.000100
152 | 0.000100
149 | 0.000000
148 | 0.000000
149 | 0.000000
149 | 0.000100
150 | 0.000000
155 | 0.000000
156 | 0.000100
160 | 0.000000
157 | 0.000100
156 | 0.000100
156 | 0.000000
157 | 0.000100
156 | 0.000000
156 | 0.000000
155 | 0.000000
155 | 0.000100
154 | 0.000000
153 | 0.000100
153 | 0.000100
160 | 0.000100
160 | 0.000000
164 | 0.000000
163 | 0.000000
162 | 0.000100
168 | 0.000100
170 | 0.000100
169 | 0.000100
170 | 0.000000
169 | 0.000100
171 | 0.000000
170 | 0.000000
168 | 0.000000
168 | 0.000100
166 | 0.000000
165 | 0.000000
166 | 0.000000
165 | 0.000100
164 | 0.000000
166 | 0.000000
165 | 0.000100
172 | 0.000100
172 | 0.000100
170 | 0.000000
170 | 0.000100
169 | 0.000000
168 | 0.000100
166 | 0.000000
168 | 0.000000
169 | 0.000000
167 | 0.000000
169 | 0.000000
170 | 0.000000
168 | 0.000000
169 | 0.000000
169 | 0.000100
168 | 0.000100
167 | 0.000100
166 | 0.000000
165 | 0.000100
164 | 0.000000
163 | 0.000000
162 | 0.000100
165 | 0.000100
163 | 0.000000
162 | 0.000000
161 | 0.000100
160 | 0.000000
157 | 0.000100
157 | 0.000000
157 | 0.000100
156 | 0.000000
155 | 0.000000
155 | 0.000100
154 | 0.000100
153 | 0.000100
150 | 0.000100
149 | 0.000000
149 | 0.000100
148 | 0.000200
147 | 0.000100
147 | 0.000000
147 | 0.000000
153 | 0.000000
157 | 0.000000
159 | 0.000100
158 | 0.000000
155 | 0.000000
155 | 0.000000
154 | 0.000100
153 | 0.000000
160 | 0.000100
161 | 0.000000
162 | 0.000000
163 | 0.000100
163 | 0.000000
162 | 0.000100
161 | 0.000000
168 | 0.000000
167 | 0.000000
166 | 0.000000
164 | 0.000000
163 | 0.000100
161 | 0.000000
161 | 0.000000
163 | 0.000100
167 | 0.000100
168 | 0.000100
170 | 0.014400
171 | 0.000000
171 | 0.000000
170 | 0.000100
173 | 0.000100
171 | 0.000000
170 | 0.000000
175 | 0.000100
175 | 0.000100
177 | 0.000000
177 | 0.000000
178 | 0.000100
180 | 0.000000
177 | 0.000100
176 | 0.000000
173 | 0.000100
172 | 0.000100
174 | 0.000100
176 | 0.000100
176 | 0.000100
176 | 0.000000
185 | 0.000100
185 | 0.000100
184 | 0.000100
186 | 0.000000
185 | 0.000000
187 | 0.000000
187 | 0.000000
186 | 0.000100
192 | 0.000000
192 | 0.000000
190 | 0.000100
189 | 0.000100
189 | 0.000100
189 | 0.000000
195 | 0.000100
194 | 0.000000
193 | 0.000100
192 | 0.000000
193 | 0.000100
195 | 0.000100
192 | 0.000000
190 | 0.000000
189 | 0.000000
188 | 0.000100
191 | 0.000100
196 | 0.000000
195 | 0.000100
199 | 0.000100
197 | 0.000100
194 | 0.000100
195 | 0.000100
194 | 0.000000
193 | 0.000000
195 | 0.000000
195 | 0.000000
198 | 0.000000
197 | 0.000000
198 | 0.000000
197 | 0.000000
196 | 0.000000
195 | 0.000000
195 | 0.000100
193 | 0.000100
192 | 0.000000
193 | 0.000000
193 | 0.000000
196 | 0.000100
196 | 0.000100
194 | 0.000100
195 | 0.000000
213 | 0.000100
211 | 0.000100
210 | 0.000000
210 | 0.000000
209 | 0.000100
208 | 0.000000
211 | 0.000000
213 | 0.000100
217 | 0.000100
217 | 0.000000
217 | 0.000100
216 | 0.000100
215 | 0.000000
215 | 0.000100
216 | 0.000100
217 | 0.000100
224 | 0.000100
226 | 0.000100
224 | 0.000100
223 | 0.000000
222 | 0.000000
225 | 0.000100
225 | 0.000100
224 | 0.000000
222 | 0.000000
222 | 0.000000
219 | 0.000000
217 | 0.000100
216 | 0.000100
213 | 0.000000
209 | 0.000100
208 | 0.000000
206 | 0.000100
204 | 0.000100
203 | 0.000000
202 | 0.000000
204 | 0.000100
206 | 0.000000
205 | 0.000000
204 | 0.000100
203 | 0.000100
202 | 0.000000
201 | 0.000000
201 | 0.000000
200 | 0.000000
201 | 0.000100
200 | 0.000100
203 | 0.000000
202 | 0.000100
201 | 0.000100
200 | 0.000000
200 | 0.000100
202 | 0.000000
200 | 0.000000
197 | 0.000100
195 | 0.000000
194 | 0.000000
193 | 0.000100
190 | 0.000100
190 | 0.000000
193 | 0.000100
194 | 0.000000
193 | 0.000000
195 | 0.000000
194 | 0.000000
196 | 0.000000
197 | 0.000000
195 | 0.000100
194 | 0.000000
193 | 0.000100
194 | 0.000100
194 | 0.000100
196 | 0.000000
1625 | 0.000100
1624 | 0.000100
1623 | 0.000000
1622 | 0.000000
1621 | 0.000000
1620 | 0.000000
1619 | 0.000100
1618 | 0.000000
1617 | 0.000100
1616 | 0.000100
1615 | 0.000100
1614 | 0.000100
1613 | 0.000100
1612 | 0.000100
1611 | 0.000100
1610 | 0.000000
1609 | 0.000000
1608 | 0.000000
1607 | 0.000100
1606 | 0.000100
1605 | 0.000400
1604 | 0.000100
1603 | 0.000100
1602 | 0.000100
1601 | 0.000000
1600 | 0.000100
1599 | 0.000100
1598 | 0.000000
1597 | 0.000000
1596 | 0.000100
1595 | 0.000100
1594 | 0.000000
1593 | 0.000100
1592 | 0.000100
1591 | 0.000100
1590 | 0.000100
1589 | 0.000000
1588 | 0.000100
1587 | 0.000000
1586 | 0.000100
1585 | 0.000000
1584 | 0.000100
1583 | 0.000000
1582 | 0.000200
1581 | 0.000100
1580 | 0.000000
1579 | 0.000000
1578 | 0.000100
1577 | 0.000000
1576 | 0.000100
1575 | 0.000000
1574 | 0.000100
1573 | 0.000000
1572 | 0.000100
1571 | 0.000100
1570 | 0.000100
1569 | 0.000000
1568 | 0.000100
1567 | 0.000000
1566 | 0.000100
1565 | 0.000000
1564 | 0.000100
1563 | 0.000100
1562 | 0.000000
1561 | 0.000100
1560 | 0.000100
1559 | 0.000100
1558 | 0.000000
1557 | 0.000100
1556 | 0.000100
1555 | 0.000100
1554 | 0.000100
1553 | 0.000100
1552 | 0.000000
1551 | 0.000100
1550 | 0.000100
1549 | 0.000100
1548 | 0.000100
1547 | 0.000100
1546 | 0.000100
1545 | 0.000100
1544 | 0.000000
1543 | 0.000000
1542 | 0.000000
1541 | 0.000100
1540 | 0.000000
1539 | 0.000100
1538 | 0.000100
1537 | 0.000100
1536 | 0.000000
1535 | 0.000000
1534 | 0.000100
1533 | 0.000100
1532 | 0.000000
1531 | 0.000100
1530 | 0.000000
1529 | 0.000000
1528 | 0.000100
1527 | 0.000100
1526 | 0.000100
1525 | 0.000000
1524 | 0.000100
1523 | 0.000100
1522 | 0.000100
1521 | 0.000100
1520 | 0.000100
1519 | 0.000100
1518 | 0.000000
1517 | 0.000000
1516 | 0.000100
1515 | 0.000200
1514 | 0.000100
1513 | 0.000200
1512 | 0.000000
1511 | 0.000100
1510 | 0.000100
1509 | 0.000100
1508 | 0.000100
1507 | 0.000000
1506 | 0.000000
1505 | 0.000100
1504 | 0.000000
1503 | 0.000100
1502 | 0.000000
1501 | 0.000100
1500 | 0.000000
1499 | 0.000000
1498 | 0.000000
1497 | 0.000100
1496 | 0.000000
1495 | 0.000100
1494 | 0.000100
1493 | 0.000100
1492 | 0.000100
1491 | 0.000200
1490 | 0.000100
1489 | 0.000100
1488 | 0.000000
1487 | 0.000000
1486 | 0.000100
1485 | 0.000300
1484 | 0.000100
1483 | 0.000000
1482 | 0.000200
1481 | 0.000100
1480 | 0.000200
1479 | 0.000100
1478 | 0.000100
1477 | 0.000000
1476 | 0.000100
1475 | 0.000100
1474 | 0.000100
1473 | 0.000000
1472 | 0.000100
1471 | 0.000100
1470 | 0.000000
1469 | 0.000000
1468 | 0.000100
1467 | 0.000100
1466 | 0.000000
1465 | 0.000100
1464 | 0.000000
1463 | 0.000000
1462 | 0.000000
1461 | 0.000100
1460 | 0.000300
1459 | 0.000100
1458 | 0.000100
1457 | 0.000000
1456 | 0.000100
1455 | 0.000100
1454 | 0.000100
1453 | 0.000100
1452 | 0.000100
1451 | 0.000100
1450 | 0.000100
1449 | 0.000100
1448 | 0.000100
1447 | 0.000100
1446 | 0.000000
1445 | 0.000100
1444 | 0.000300
1443 | 0.000100
1442 | 0.000100
1441 | 0.000200
1440 | 0.000100
1439 | 0.000100
1438 | 0.000100
1437 | 0.000100
1436 | 0.000000
1435 | 0.000100
1434 | 0.000100
1433 | 0.000000
1432 | 0.000100
1431 | 0.000000
1430 | 0.000000
1429 | 0.000100
1428 | 0.000200
1427 | 0.000100
1426 | 0.000100
1425 | 0.000100
1424 | 0.000000
1423 | 0.000000
1422 | 0.000100
1421 | 0.000100
1420 | 0.000100
1419 | 0.000100
1418 | 0.000100
1417 | 0.000100
1416 | 0.000000
1415 | 0.000100
1414 | 0.000100
1413 | 0.000000
1412 | 0.000100
1411 | 0.000000
1410 | 0.000000
1409 | 0.000100
1408 | 0.000100
1407 | 0.000100
1406 | 0.000200
1405 | 0.000200
1404 | 0.000200
1403 | 0.000100
1402 | 0.000000
1401 | 0.000100
1400 | 0.000100
1399 | 0.000100
1398 | 0.000100
1397 | 0.000100
1396 | 0.000100
1395 | 0.000000
1394 | 0.000100
1393 | 0.000100
1392 | 0.000100
1391 | 0.000100
1390 | 0.000100
1389 | 0.000100
1388 | 0.000100
1387 | 0.000100
1386 | 0.000100
1385 | 0.000100
1384 | 0.000000
1383 | 0.000100
1382 | 0.000100
1381 | 0.000100
1380 | 0.000000
1379 | 0.000100
1378 | 0.000100
1377 | 0.000100
1376 | 0.000100
1375 | 0.000100
1374 | 0.000100
1373 | 0.000100
1372 | 0.000100
1371 | 0.000000
1370 | 0.000100
1369 | 0.000100
1368 | 0.000100
1367 | 0.000300
1366 | 0.000200
1365 | 0.000300
1364 | 0.000100
1363 | 0.000100
1362 | 0.000100
1361 | 0.000100
1360 | 0.000100
1359 | 0.000100
1358 | 0.000100
1357 | 0.000100
1356 | 0.000100
1355 | 0.000000
1354 | 0.000200
1353 | 0.000100
1352 | 0.000100
1351 | 0.000100
1350 | 0.000100
1349 | 0.000100
1348 | 0.000100
1347 | 0.000000
1346 | 0.000100
1345 | 0.000100
1344 | 0.000100
1343 | 0.000100
1342 | 0.000100
1341 | 0.000000
1340 | 0.000100
1339 | 0.000000
1338 | 0.000100
1337 | 0.000000
1336 | 0.000100
1335 | 0.000000
1334 | 0.000100
1333 | 0.000100
1332 | 0.000100
1331 | 0.000100
1330 | 0.000000
1329 | 0.000100
1328 | 0.000100
1327 | 0.000200
1326 | 0.000200
1325 | 0.000200
1324 | 0.000100
1323 | 0.000200
1322 | 0.000100
1321 | 0.000000
1320 | 0.000100
1319 | 0.000100
1318 | 0.000000
1317 | 0.000000
1316 | 0.000100
1315 | 0.000100
1314 | 0.000100
1313 | 0.000100
1312 | 0.000100
1311 | 0.000100
1310 | 0.000000
1309 | 0.000100
1308 | 0.000100
1307 | 0.000000
1306 | 0.000000
1305 | 0.000100
1304 | 0.000100
1303 | 0.000100
1302 | 0.000100
1301 | 0.000100
1300 | 0.000000
1299 | 0.000100
1298 | 0.000100
1297 | 0.000100
1296 | 0.000100
1295 | 0.000100
1294 | 0.000100
1293 | 0.000000
1292 | 0.000000
1291 | 0.000100
1290 | 0.000100
1289 | 0.000100
1288 | 0.000200
1287 | 0.000300
1286 | 0.000100
1285 | 0.000100
1284 | 0.000100
1283 | 0.000100
1282 | 0.000100
1281 | 0.000000
1280 | 0.000100
1279 | 0.000100
1278 | 0.000100
1277 | 0.000000
1276 | 0.000100
1275 | 0.000100
1274 | 0.000100
1273 | 0.000000
1272 | 0.000100
1271 | 0.000100
1270 | 0.000100
1269 | 0.000000
1268 | 0.000000
1267 | 0.000000
1266 | 0.000000
1265 | 0.000100
1264 | 0.000000
1263 | 0.000100
1262 | 0.000000
1261 | 0.000000
1260 | 0.000000
1259 | 0.000100
1258 | 0.000100
1257 | 0.000100
1256 | 0.000100
1255 | 0.000100
1254 | 0.000000
1253 | 0.000100
1252 | 0.000100
1251 | 0.000200
1250 | 0.000100
1249 | 0.000100
1248 | 0.000000
1247 | 0.000100
1246 | 0.000100
1245 | 0.000100
1244 | 0.000100
1243 | 0.000100
1242 | 0.000100
1241 | 0.000100
1240 | 0.000000
1239 | 0.000100
1238 | 0.000100
1237 | 0.000000
1236 | 0.000100
1235 | 0.000100
1234 | 0.000100
1233 | 0.000100
1232 | 0.000100
1231 | 0.000000
1230 | 0.000100
1229 | 0.000100
1228 | 0.000000
1227 | 0.000100
1226 | 0.000100
1225 | 0.000100
1224 | 0.000100
1223 | 0.000100
1222 | 0.000000
1221 | 0.000100
1220 | 0.000100
1219 | 0.000000
1218 | 0.000100
1217 | 0.000100
1216 | 0.000000
1215 | 0.000100
1214 | 0.000100
1213 | 0.000000
1212 | 0.000100
1211 | 0.000100
1210 | 0.000000
1209 | 0.000200
1208 | 0.000200
1207 | 0.000000
1206 | 0.000000
1205 | 0.000100
1204 | 0.000100
1203 | 0.000100
1202 | 0.000100
1201 | 0.000100
1200 | 0.000100
1199 | 0.000000
1198 | 0.000100
1197 | 0.000100
1196 | 0.000000
1195 | 0.000100
1194 | 0.000100
1193 | 0.000000
1192 | 0.000100
1191 | 0.000100
1190 | 0.000100
1189 | 0.000100
1188 | 0.000000
1187 | 0.000100
1186 | 0.000000
1185 | 0.000100
1184 | 0.000100
1183 | 0.000100
1182 | 0.000100
1181 | 0.000000
1180 | 0.000100
1179 | 0.000000
1178 | 0.000000
1177 | 0.000100
1176 | 0.000100
1175 | 0.000100
1174 | 0.000100
1173 | 0.000100
1172 | 0.000000
1171 | 0.000100
1170 | 0.000000
1169 | 0.000100
1168 | 0.000100
1167 | 0.000100
1166 | 0.000000
1165 | 0.000200
1164 | 0.000100
1163 | 0.000100
1162 | 0.000100
1161 | 0.000100
1160 | 0.000200
1159 | 0.000200
1158 | 0.000100
1157 | 0.000100
1156 | 0.000000
1155 | 0.000000
1154 | 0.000200
1153 | 0.000000
1152 | 0.000100
1151 | 0.000000
1150 | 0.000100
1149 | 0.000100
1148 | 0.000100
1147 | 0.000100
1146 | 0.000100
1145 | 0.000100
1144 | 0.000100
1143 | 0.000100
1142 | 0.000100
1141 | 0.000000
1140 | 0.000000
1139 | 0.000100
1138 | 0.000100
1137 | 0.000100
1136 | 0.000000
1135 | 0.000000
1134 | 0.000100
1133 | 0.000100
1132 | 0.000000
1131 | 0.000100
1130 | 0.000000
1129 | 0.000100
1128 | 0.000000
1127 | 0.000000
1126 | 0.000100
1125 | 0.000100
1124 | 0.000100
1123 | 0.000100
1122 | 0.000000
1121 | 0.000100
1120 | 0.000000
1119 | 0.000100
1118 | 0.000100
1117 | 0.000100
1116 | 0.000100
1115 | 0.000000
1114 | 0.000100
1113 | 0.000100
1112 | 0.000100
1111 | 0.000100
1110 | 0.000000
1109 | 0.000000
1108 | 0.000100
1107 | 0.000100
1106 | 0.000100
1105 | 0.000100
1104 | 0.000000
1103 | 0.000100
1102 | 0.000100
1101 | 0.000000
1100 | 0.000100
1099 | 0.000100
1098 | 0.000000
1097 | 0.000100
1096 | 0.000100
1095 | 0.000100
1094 | 0.000100
1093 | 0.000100
1092 | 0.000100
1091 | 0.000000
1090 | 0.000000
1089 | 0.000000
1088 | 0.000100
1087 | 0.000000
1086 | 0.000100
1085 | 0.000000
1084 | 0.000100
1083 | 0.000100
1082 | 0.000100
1081 | 0.000100
1080 | 0.000100
1079 | 0.000100
1078 | 0.000100
1077 | 0.000100
1076 | 0.000000
1075 | 0.000000
1074 | 0.000100
1073 | 0.000100
1072 | 0.000100
1071 | 0.000100
1070 | 0.000000
1069 | 0.000200
1068 | 0.000100
1067 | 0.000300
1066 | 0.000100
1065 | 0.000100
1064 | 0.000000
1063 | 0.000100
1062 | 0.000100
1061 | 0.000000
1060 | 0.000100
1059 | 0.000100
1058 | 0.000100
1057 | 0.000100
1056 | 0.000100
1055 | 0.000100
1054 | 0.000100
1053 | 0.000100
1052 | 0.000000
1051 | 0.000000
1050 | 0.000000
1049 | 0.000100
1048 | 0.000100
1047 | 0.000000
1046 | 0.000100
1045 | 0.000100
1044 | 0.000000
1043 | 0.000100
1042 | 0.000000
1041 | 0.000100
1040 | 0.000000
1039 | 0.000100
1038 | 0.000100
1037 | 0.000100
1036 | 0.000100
1035 | 0.000200
1034 | 0.000000
1033 | 0.000100
1032 | 0.000100
1031 | 0.000100
1030 | 0.000100
1029 | 0.000000
1028 | 0.000000
1027 | 0.000000
1026 | 0.000000
1025 | 0.000100
1024 | 0.000100
1023 | 0.000100
1022 | 0.000200
1021 | 0.000100
1020 | 0.000000
1019 | 0.000000
1018 | 0.000100
1017 | 0.000000
1016 | 0.000200
1015 | 0.000000
1014 | 0.000300
1013 | 0.000100
1012 | 0.000100
1011 | 0.000100
1010 | 0.000100
1009 | 0.000100
1008 | 0.000100
1007 | 0.000000
1006 | 0.000100
1005 | 0.000100
1004 | 0.000100
1003 | 0.000100
1002 | 0.000100
1001 | 0.000000
1000 | 0.000100
999 | 0.000000
998 | 0.000100
997 | 0.000100
996 | 0.000100
995 | 0.000100
994 | 0.000100
993 | 0.000000
992 | 0.000100
991 | 0.000100
990 | 0.000000
989 | 0.000100
988 | 0.000000
987 | 0.000100
986 | 0.000100
985 | 0.000100
984 | 0.000100
983 | 0.000100
982 | 0.000000
981 | 0.000000
980 | 0.000000
979 | 0.000000
978 | 0.000100
977 | 0.000000
976 | 0.000100
975 | 0.000100
974 | 0.000000
973 | 0.000100
972 | 0.000100
971 | 0.000100
970 | 0.000100
969 | 0.000100
968 | 0.000100
967 | 0.000000
966 | 0.000100
965 | 0.000100
964 | 0.000100
963 | 0.000100
962 | 0.000100
961 | 0.000100
960 | 0.000100
959 | 0.000300
958 | 0.000100
957 | 0.000200
956 | 0.000100
955 | 0.000100
954 | 0.000000
953 | 0.000000
952 | 0.000100
951 | 0.000000
950 | 0.000100
949 | 0.000000
948 | 0.000100
947 | 0.000100
946 | 0.000100
945 | 0.000100
944 | 0.000100
943 | 0.000000
942 | 0.000100
941 | 0.000100
940 | 0.000100
939 | 0.000100
938 | 0.000100
937 | 0.000100
936 | 0.000100
935 | 0.000100
934 | 0.000100
933 | 0.000000
932 | 0.000100
931 | 0.000100
930 | 0.000000
929 | 0.000100
928 | 0.000100
927 | 0.000100
926 | 0.000300
925 | 0.000100
924 | 0.000100
923 | 0.000100
922 | 0.000100
921 | 0.000100
920 | 0.000000
919 | 0.000000
918 | 0.000100
917 | 0.000100
916 | 0.000400
915 | 0.000100
914 | 0.000100
913 | 0.000100
912 | 0.000100
911 | 0.000100
910 | 0.000100
909 | 0.000100
908 | 0.000100
907 | 0.000100
906 | 0.000000
905 | 0.000100
904 | 0.000100
903 | 0.000100
902 | 0.000100
901 | 0.000400
900 | 0.000200
899 | 0.000200
898 | 0.000100
897 | 0.000100
896 | 0.000100
895 | 0.000100
894 | 0.000100
893 | 0.000200
892 | 0.000100
891 | 0.000100
890 | 0.000100
889 | 0.000100
888 | 0.000000
887 | 0.000000
886 | 0.000100
885 | 0.000100
884 | 0.000100
883 | 0.000100
882 | 0.000100
881 | 0.000100
880 | 0.000200
879 | 0.000000
878 | 0.000100
877 | 0.000000
876 | 0.000100
875 | 0.000100
874 | 0.000000
873 | 0.000000
872 | 0.000000
871 | 0.000000
870 | 0.000100
869 | 0.000100
868 | 0.000100
867 | 0.000000
866 | 0.000100
865 | 0.000100
864 | 0.000000
863 | 0.000100
862 | 0.000100
861 | 0.000100
860 | 0.000100
859 | 0.000000
858 | 0.000100
857 | 0.000100
856 | 0.000100
855 | 0.000100
854 | 0.000000
853 | 0.000100
852 | 0.000100
851 | 0.000000
850 | 0.000100
849 | 0.000100
848 | 0.000100
847 | 0.000000
846 | 0.000000
845 | 0.000000
844 | 0.000100
843 | 0.000100
842 | 0.000000
841 | 0.000100
840 | 0.000000
839 | 0.000100
838 | 0.000000
837 | 0.000100
836 | 0.000100
835 | 0.000300
834 | 0.000200
833 | 0.000100
832 | 0.000100
831 | 0.000100
830 | 0.000100
829 | 0.000100
828 | 0.000100
827 | 0.000100
826 | 0.000000
825 | 0.000100
824 | 0.000000
823 | 0.000000
822 | 0.000100
821 | 0.000100
820 | 0.000100
819 | 0.000100
818 | 0.000000
817 | 0.000100
816 | 0.000100
815 | 0.000100
814 | 0.000000
813 | 0.000100
812 | 0.000100
811 | 0.000100
810 | 0.000000
809 | 0.000100
808 | 0.000100
807 | 0.000100
806 | 0.000100
805 | 0.000000
804 | 0.000100
803 | 0.000100
802 | 0.000100
801 | 0.000000
800 | 0.000000
799 | 0.000000
798 | 0.000100
797 | 0.000100
796 | 0.000100
795 | 0.000100
794 | 0.000100
793 | 0.000000
792 | 0.000000
791 | 0.000100
790 | 0.000100
789 | 0.000100
788 | 0.000100
787 | 0.000000
786 | 0.000000
785 | 0.000100
784 | 0.000100
783 | 0.000100
782 | 0.000100
781 | 0.000100
780 | 0.000100
779 | 0.000100
778 | 0.000100
777 | 0.000000
776 | 0.000100
775 | 0.000100
774 | 0.000100
773 | 0.000000
772 | 0.000100
771 | 0.000100
770 | 0.000100
769 | 0.000100
768 | 0.000100
767 | 0.000000
766 | 0.000100
765 | 0.000000
764 | 0.000100
763 | 0.000000
762 | 0.000000
761 | 0.000000
760 | 0.000000
759 | 0.000100
758 | 0.000000
757 | 0.000100
756 | 0.000100
755 | 0.000100
754 | 0.000100
753 | 0.000100
752 | 0.000100
751 | 0.000000
750 | 0.000100
749 | 0.000000
748 | 0.000100
747 | 0.000100
746 | 0.000100
745 | 0.000100
744 | 0.000100
743 | 0.000200
742 | 0.000100
741 | 0.000000
740 | 0.000100
739 | 0.000100
738 | 0.000000
737 | 0.000100
736 | 0.000100
735 | 0.000000
734 | 0.000000
733 | 0.000000
732 | 0.000000
731 | 0.000100
730 | 0.000100
729 | 0.000000
728 | 0.000000
727 | 0.000100
726 | 0.000000
725 | 0.000100
724 | 0.000000
723 | 0.000100
722 | 0.000100
721 | 0.000100
720 | 0.000000
719 | 0.000000
718 | 0.000000
717 | 0.000000
716 | 0.000000
715 | 0.000100
714 | 0.000000
713 | 0.000100
712 | 0.000100
711 | 0.000100
710 | 0.000100
709 | 0.000100
708 | 0.000000
707 | 0.000100
706 | 0.000000
705 | 0.000000
704 | 0.000000
703 | 0.000100
702 | 0.000100
701 | 0.000100
700 | 0.000000
699 | 0.000000
698 | 0.000000
697 | 0.000000
696 | 0.000100
695 | 0.000500
694 | 0.000100
693 | 0.000200
692 | 0.000100
691 | 0.000000
690 | 0.000100
689 | 0.000100
688 | 0.000100
687 | 0.000100
686 | 0.000100
685 | 0.000100
684 | 0.000000
683 | 0.000100
682 | 0.000100
681 | 0.000000
680 | 0.000000
679 | 0.000000
678 | 0.000000
677 | 0.000100
676 | 0.000200
675 | 0.000000
674 | 0.000100
673 | 0.000100
672 | 0.000100
671 | 0.000100
670 | 0.000000
669 | 0.000000
668 | 0.000100
667 | 0.000100
666 | 0.000000
665 | 0.000100
664 | 0.000100
663 | 0.000000
662 | 0.000100
661 | 0.000100
660 | 0.000100
659 | 0.000100
658 | 0.000100
657 | 0.000100
656 | 0.000000
655 | 0.000000
654 | 0.000100
653 | 0.000100
652 | 0.000100
651 | 0.000100
650 | 0.000100
649 | 0.000100
648 | 0.000100
647 | 0.000100
646 | 0.000100
645 | 0.000100
644 | 0.000000
643 | 0.000100
642 | 0.000100
641 | 0.000000
640 | 0.000100
639 | 0.000100
638 | 0.000000
637 | 0.000100
636 | 0.000100
635 | 0.000100
634 | 0.000000
633 | 0.000000
632 | 0.000100
631 | 0.000200
630 | 0.000000
629 | 0.000100
628 | 0.000100
627 | 0.000100
626 | 0.000100
625 | 0.000100
624 | 0.000000
623 | 0.000000
622 | 0.000000
621 | 0.000100
620 | 0.000100
619 | 0.000100
618 | 0.000100
617 | 0.000100
616 | 0.000000
615 | 0.000000
614 | 0.000000
613 | 0.000000
612 | 0.000000
611 | 0.000000
610 | 0.000100
609 | 0.000300
608 | 0.000100
607 | 0.000100
606 | 0.000000
605 | 0.000200
604 | 0.000100
603 | 0.000000
602 | 0.000100
601 | 0.000100
600 | 0.000100
599 | 0.000100
598 | 0.000100
597 | 0.000100
596 | 0.000100
595 | 0.000000
594 | 0.000100
593 | 0.000000
592 | 0.000000
591 | 0.000000
590 | 0.000100
589 | 0.000000
588 | 0.000100
587 | 0.000000
586 | 0.000100
585 | 0.000100
584 | 0.000100
583 | 0.000100
582 | 0.000100
581 | 0.000000
580 | 0.000000
579 | 0.000100
578 | 0.000000
577 | 0.000100
576 | 0.000000
575 | 0.000000
574 | 0.000100
573 | 0.000000
572 | 0.000000
571 | 0.000000
570 | 0.000100
569 | 0.000100
568 | 0.000100
567 | 0.000100
566 | 0.000000
565 | 0.000100
564 | 0.000000
563 | 0.000100
562 | 0.000000
561 | 0.000100
560 | 0.000100
559 | 0.000100
558 | 0.000100
557 | 0.000100
556 | 0.000100
555 | 0.000100
554 | 0.000100
553 | 0.000000
552 | 0.000100
551 | 0.000100
550 | 0.000100
549 | 0.000100
548 | 0.000000
547 | 0.000100
546 | 0.000100
545 | 0.000100
544 | 0.000000
543 | 0.000100
542 | 0.000100
541 | 0.000100
540 | 0.000000
539 | 0.000000
538 | 0.000100
537 | 0.000100
536 | 0.000000
535 | 0.000100
534 | 0.000000
533 | 0.000000
532 | 0.000100
531 | 0.000000
530 | 0.000100
529 | 0.000100
528 | 0.000100
527 | 0.000100
526 | 0.000000
525 | 0.000000
524 | 0.000100
523 | 0.000100
522 | 0.000000
521 | 0.000100
520 | 0.000000
519 | 0.000100
518 | 0.000000
517 | 0.000100
516 | 0.000000
515 | 0.000100
514 | 0.000100
513 | 0.000000
512 | 0.000100
511 | 0.000000
510 | 0.000000
509 | 0.000100
508 | 0.000100
507 | 0.000100
506 | 0.000300
505 | 0.000100
504 | 0.000100
503 | 0.000100
502 | 0.000100
501 | 0.000100
500 | 0.000100
499 | 0.000000
498 | 0.000000
497 | 0.000100
496 | 0.000100
495 | 0.000000
494 | 0.000100
493 | 0.000100
492 | 0.000100
491 | 0.000100
490 | 0.000300
489 | 0.000100
488 | 0.000200
487 | 0.000000
486 | 0.000000
485 | 0.000100
484 | 0.000100
483 | 0.000000
482 | 0.000100
481 | 0.000100
480 | 0.000000
479 | 0.000100
478 | 0.000100
477 | 0.000100
476 | 0.000000
475 | 0.000000
474 | 0.000100
473 | 0.000100
472 | 0.000000
471 | 0.000100
470 | 0.000000
469 | 0.000100
468 | 0.000100
467 | 0.000100
466 | 0.000100
465 | 0.000000
464 | 0.000100
463 | 0.000100
462 | 0.000000
461 | 0.000000
460 | 0.000100
459 | 0.000100
458 | 0.000000
457 | 0.000100
456 | 0.000100
455 | 0.000100
454 | 0.000100
453 | 0.000100
452 | 0.000100
451 | 0.000100
450 | 0.000000
449 | 0.000100
448 | 0.000000
447 | 0.000100
446 | 0.000100
445 | 0.000100
444 | 0.000200
443 | 0.000000
442 | 0.000100
441 | 0.000100
440 | 0.000100
439 | 0.000000
438 | 0.000000
437 | 0.000100
436 | 0.000000
435 | 0.000100
434 | 0.000100
433 | 0.000000
432 | 0.000000
431 | 0.000100
430 | 0.000100
429 | 0.000000
428 | 0.000100
427 | 0.000100
426 | 0.000000
425 | 0.000100
424 | 0.000100
423 | 0.000000
422 | 0.000100
421 | 0.000100
420 | 0.000200
419 | 0.000100
418 | 0.000000
417 | 0.000000
416 | 0.000100
415 | 0.000000
414 | 0.000000
413 | 0.000100
412 | 0.000100
411 | 0.000100
410 | 0.000000
409 | 0.000100
408 | 0.000100
407 | 0.000100
406 | 0.000000
405 | 0.000000
404 | 0.000100
403 | 0.000100
402 | 0.000100
401 | 0.000000
400 | 0.000000
399 | 0.000100
398 | 0.000100
397 | 0.000100
396 | 0.000100
395 | 0.000100
394 | 0.000100
393 | 0.000000
392 | 0.000100
391 | 0.000000
390 | 0.000000
389 | 0.000100
388 | 0.000100
387 | 0.000100
386 | 0.000000
385 | 0.000100
384 | 0.000000
383 | 0.000100
382 | 0.000100
381 | 0.000000
380 | 0.000000
379 | 0.000100
378 | 0.000000
377 | 0.000100
376 | 0.000000
375 | 0.000100
374 | 0.000100
373 | 0.000100
372 | 0.000000
371 | 0.000000
370 | 0.000100
369 | 0.000000
368 | 0.000000
367 | 0.000100
366 | 0.000000
365 | 0.000000
364 | 0.000100
363 | 0.000100
362 | 0.000000
361 | 0.000100
360 | 0.000100
359 | 0.000100
358 | 0.000100
357 | 0.000000
356 | 0.000100
355 | 0.000200
354 | 0.000100
353 | 0.000100
352 | 0.000000
351 | 0.000000
350 | 0.000100
349 | 0.000100
348 | 0.000100
347 | 0.000100
346 | 0.000100
345 | 0.000100
344 | 0.000000
343 | 0.000000
342 | 0.000100
341 | 0.000100
340 | 0.000100
339 | 0.000100
338 | 0.000000
337 | 0.000000
336 | 0.000000
335 | 0.000000
334 | 0.000000
333 | 0.000100
332 | 0.000100
331 | 0.000100
330 | 0.000100
329 | 0.000100
328 | 0.000000
327 | 0.000100
326 | 0.000100
325 | 0.000000
324 | 0.000100
323 | 0.000100
322 | 0.000100
321 | 0.000000
320 | 0.000000
319 | 0.000000
318 | 0.000000
317 | 0.000100
316 | 0.000100
315 | 0.000000
314 | 0.000000
313 | 0.000000
312 | 0.000100
311 | 0.000100
310 | 0.000000
309 | 0.000000
308 | 0.000100
307 | 0.000100
306 | 0.000100
305 | 0.000000
304 | 0.000000
303 | 0.000000
302 | 0.000000
301 | 0.000000
300 | 0.000000
299 | 0.000100
298 | 0.000000
297 | 0.000000
296 | 0.000000
295 | 0.000000
294 | 0.000000
293 | 0.000000
292 | 0.000000
291 | 0.000100
290 | 0.000100
289 | 0.000100
288 | 0.000100
287 | 0.000000
286 | 0.000000
285 | 0.000000
284 | 0.000000
283 | 0.000000
282 | 0.000000
281 | 0.000100
280 | 0.000000
279 | 0.000000
278 | 0.000000
277 | 0.000100
276 | 0.000100
275 | 0.000000
274 | 0.000100
273 | 0.000000
272 | 0.000100
271 | 0.000000
270 | 0.000100
269 | 0.000100
268 | 0.000100
267 | 0.000100
266 | 0.000100
265 | 0.000100
264 | 0.000100
263 | 0.000000
262 | 0.000000
261 | 0.000000
260 | 0.000000
259 | 0.000100
258 | 0.000000
257 | 0.000100
256 | 0.000100
255 | 0.000000
254 | 0.000000
253 | 0.000100
252 | 0.000000
251 | 0.000000
250 | 0.000100
249 | 0.000100
248 | 0.000000
247 | 0.000000
246 | 0.000100
245 | 0.000100
244 | 0.000000
243 | 0.000000
242 | 0.000000
241 | 0.000000
240 | 0.000000
239 | 0.000100
238 | 0.000100
237 | 0.000000
236 | 0.000100
235 | 0.000000
234 | 0.000100
233 | 0.000000
232 | 0.000100
231 | 0.000100
230 | 0.000100
229 | 0.000100
228 | 0.000100
227 | 0.000000
226 | 0.000100
225 | 0.000000
224 | 0.000100
223 | 0.000100
222 | 0.000000
221 | 0.000100
220 | 0.000000
219 | 0.000100
218 | 0.000100
217 | 0.000100
216 | 0.000100
215 | 0.000100
214 | 0.000000
213 | 0.000100
212 | 0.000000
211 | 0.000100
210 | 0.000100
209 | 0.000000
208 | 0.000000
207 | 0.000000
206 | 0.000000
205 | 0.000100
204 | 0.000100
203 | 0.000100
202 | 0.000100
201 | 0.000100
200 | 0.000100
199 | 0.000000
198 | 0.000000
197 | 0.000100
196 | 0.000000
195 | 0.000100
194 | 0.000000
193 | 0.000000
192 | 0.000100
191 | 0.000100
190 | 0.000000
189 | 0.000000
188 | 0.000100
187 | 0.000100
186 | 0.000100
185 | 0.000000
184 | 0.000100
183 | 0.000100
182 | 0.000000
181 | 0.000000
180 | 0.000000
179 | 0.000200
178 | 0.000200
177 | 0.000000
176 | 0.000000
175 | 0.000200
174 | 0.000100
173 | 0.000000
172 | 0.000100
171 | 0.000000
170 | 0.000100
169 | 0.000100
168 | 0.000200
167 | 0.000100
166 | 0.000000
165 | 0.000200
164 | 0.000000
163 | 0.000000
162 | 0.000000
161 | 0.000000
160 | 0.000100
159 | 0.000100
158 | 0.000000
157 | 0.000000
156 | 0.000000
155 | 0.000000
154 | 0.000100
153 | 0.000100
152 | 0.000000
151 | 0.000100
150 | 0.000000
149 | 0.000000
148 | 0.000100
147 | 0.000000
146 | 0.000100
145 | 0.000000
144 | 0.000000
143 | 0.000100
142 | 0.000000
141 | 0.000100
140 | 0.000000
139 | 0.000100
138 | 0.000100
137 | 0.000000
136 | 0.000000
135 | 0.000100
134 | 0.000100
133 | 0.000100
132 | 0.000100
131 | 0.000000
130 | 0.000100
129 | 0.000000
128 | 0.000000
127 | 0.000100
126 | 0.000100
125 | 0.000000
124 | 0.000100
123 | 0.000100
122 | 0.000100
121 | 0.000100
120 | 0.000100
119 | 0.000000
118 | 0.000000
117 | 0.000000
116 | 0.000100
115 | 0.000100
114 | 0.000000
113 | 0.000000
112 | 0.000000
111 | 0.000000
110 | 0.000100
109 | 0.000100
108 | 0.000100
107 | 0.000100
106 | 0.000000
105 | 0.000100
104 | 0.000100
103 | 0.000000
102 | 0.000000
101 | 0.000100
100 | 0.000000
99 | 0.000000
98 | 0.000000
97 | 0.000000
96 | 0.000100
95 | 0.000100
94 | 0.000000
93 | 0.000100
92 | 0.000100
91 | 0.000100
90 | 0.000100
89 | 0.000000
88 | 0.000100
87 | 0.000100
86 | 0.000100
85 | 0.000000
84 | 0.000000
83 | 0.000100
82 | 0.000000
81 | 0.000000
80 | 0.000000
79 | 0.000000
78 | 0.000100
77 | 0.000000
76 | 0.000100
75 | 0.000100
74 | 0.000000
73 | 0.000100
72 | 0.000000
71 | 0.000100
70 | 0.000100
69 | 0.000000
68 | 0.000000
67 | 0.000000
66 | 0.000000
65 | 0.000100
64 | 0.000000
63 | 0.000100
62 | 0.000100
61 | 0.000100
60 | 0.000000
59 | 0.000100
58 | 0.000000
57 | 0.000100
56 | 0.000100
55 | 0.000100
54 | 0.000100
53 | 0.000000
52 | 0.000000
51 | 0.000000
50 | 0.000100
49 | 0.000100
48 | 0.000100
47 | 0.000100
46 | 0.000000
45 | 0.000000
44 | 0.000000
43 | 0.000100
42 | 0.000100
41 | 0.000100
40 | 0.000000
39 | 0.000000
38 | 0.000000
37 | 0.000100
36 | 0.000000
35 | 0.000100
34 | 0.000000
33 | 0.000000
32 | 0.000000
31 | 0.000000
30 | 0.000000
29 | 0.000000
28 | 0.000100
27 | 0.000000
26 | 0.000000
25 | 0.000000
24 | 0.000000
23 | 0.000100
22 | 0.000100
21 | 0.000000
20 | 0.000000
19 | 0.000100
18 | 0.000100
17 | 0.000100
16 | 0.000100
15 | 0.000100
14 | 0.000100
13 | 0.000000
12 | 0.000100
11 | 0.000000
10 | 0.000000
9 | 0.000000
8 | 0.000100
7 | 0.000100
6 | 0.000100
5 | 0.000000
4 | 0.000100
3 | 0.000000
2 | 0.000000
1 | 0.000100
786 | 0.000100
786 | 0.000100
785 | 0.000100
783 | 0.000000
782 | 0.000100
783 | 0.000100
780 | 0.000000
778 | 0.000100
778 | 0.000100
777 | 0.000400
776 | 0.000400
775 | 0.000300
776 | 0.000100
775 | 0.000100
773 | 0.000100
772 | 0.000300
771 | 0.000000
778 | 0.000000
775 | 0.000100
774 | 0.000100
776 | 0.000100
779 | 0.000000
780 | 0.000000
779 | 0.000100
779 | 0.000100
779 | 0.000000
781 | 0.000100
780 | 0.000100
781 | 0.000000
780 | 0.000000
782 | 0.000100
779 | 0.000000
778 | 0.000000
777 | 0.000000
780 | 0.000100
780 | 0.000000
779 | 0.000100
778 | 0.000000
779 | 0.000000
779 | 0.000000
778 | 0.000000
775 | 0.000000
774 | 0.000100
775 | 0.000200
780 | 0.000000
781 | 0.000000
781 | 0.000100
780 | 0.000100
781 | 0.000100
781 | 0.000000
780 | 0.000000
780 | 0.000000
777 | 0.000000
779 | 0.000100
777 | 0.000100
777 | 0.000100
776 | 0.000000
775 | 0.000000
776 | 0.000000
776 | 0.000100
774 | 0.000000
773 | 0.000100
772 | 0.000100
771 | 0.000000
771 | 0.000000
770 | 0.000000
769 | 0.000100
767 | 0.000100
765 | 0.000000
765 | 0.000300
764 | 0.000000
764 | 0.000000
763 | 0.000100
762 | 0.000000
759 | 0.000000
764 | 0.000000
763 | 0.000100
761 | 0.000100
760 | 0.000000
759 | 0.000000
759 | 0.000100
761 | 0.000000
760 | 0.000100
758 | 0.000100
759 | 0.000100
758 | 0.000000
757 | 0.000000
759 | 0.000000
760 | 0.000000
759 | 0.000000
757 | 0.000000
758 | 0.000100
762 | 0.000100
761 | 0.000000
760 | 0.000000
761 | 0.000100
759 | 0.000100
758 | 0.000100
756 | 0.000300
757 | 0.000100
757 | 0.000000
757 | 0.000000
758 | 0.000100
756 | 0.000000
757 | 0.000000
760 | 0.000000
764 | 0.000100
763 | 0.000000
763 | 0.000000
764 | 0.000000
764 | 0.000100
768 | 0.000100
766 | 0.000100
765 | 0.000100
764 | 0.000100
764 | 0.000000
764 | 0.000000
763 | 0.000000
764 | 0.000000
764 | 0.000000
762 | 0.000000
765 | 0.000000
763 | 0.000100
764 | 0.000000
762 | 0.000000
760 | 0.000100
760 | 0.000100
761 | 0.000100
765 | 0.000100
764 | 0.000100
763 | 0.000000
762 | 0.000000
761 | 0.000000
761 | 0.000000
760 | 0.000100
756 | 0.000100
758 | 0.000100
757 | 0.000100
757 | 0.000100
753 | 0.000100
752 | 0.000000
751 | 0.000100
751 | 0.000100
750 | 0.000100
751 | 0.000100
752 | 0.000100
752 | 0.000000
750 | 0.000100
749 | 0.000000
752 | 0.000100
755 | 0.000000
756 | 0.000100
755 | 0.000000
759 | 0.000000
759 | 0.000000
757 | 0.000000
754 | 0.000200
753 | 0.000100
750 | 0.000000
750 | 0.000100
750 | 0.000000
749 | 0.000000
746 | 0.000100
747 | 0.000100
744 | 0.000000
746 | 0.000000
740 | 0.000000
740 | 0.000000
742 | 0.000000
743 | 0.000100
744 | 0.000000
743 | 0.000100
742 | 0.000000
741 | 0.000000
740 | 0.000100
742 | 0.000100
743 | 0.000100
743 | 0.000100
742 | 0.000000
740 | 0.000100
747 | 0.000000
746 | 0.000000
746 | 0.000100
752 | 0.000100
751 | 0.000000
751 | 0.000000
750 | 0.000000
749 | 0.000000
748 | 0.000000
746 | 0.000100
744 | 0.000100
743 | 0.000100
744 | 0.000100
742 | 0.000300
741 | 0.000100
740 | 0.000100
739 | 0.000100
738 | 0.000000
739 | 0.000100
738 | 0.000000
739 | 0.000000
739 | 0.000000
740 | 0.000000
742 | 0.000000
744 | 0.000100
743 | 0.000000
743 | 0.000100
741 | 0.000000
742 | 0.000100
741 | 0.000000
741 | 0.000000
738 | 0.000000
739 | 0.000000
742 | 0.000000
742 | 0.000000
747 | 0.000100
747 | 0.000100
747 | 0.000000
749 | 0.000100
752 | 0.000100
751 | 0.000000
750 | 0.000000
752 | 0.000100
754 | 0.000000
754 | 0.000000
753 | 0.000000
752 | 0.000100
754 | 0.000100
754 | 0.000000
756 | 0.000100
755 | 0.000000
754 | 0.000100
753 | 0.000100
753 | 0.000100
752 | 0.000100
751 | 0.000000
750 | 0.000100
750 | 0.000100
752 | 0.000000
750 | 0.000100
752 | 0.000000
751 | 0.000000
751 | 0.000000
749 | 0.000000
748 | 0.000000
747 | 0.000100
745 | 0.000100
744 | 0.000000
742 | 0.000000
750 | 0.000100
754 | 0.000100
755 | 0.000100
755 | 0.000100
758 | 0.000100
759 | 0.000000
764 | 0.000000
763 | 0.000000
762 | 0.000100
762 | 0.000000
761 | 0.000100
762 | 0.000100
761 | 0.000100
759 | 0.000000
765 | 0.000100
767 | 0.000000
766 | 0.000000
765 | 0.000100
767 | 0.000000
768 | 0.000000
769 | 0.000100
768 | 0.000000
767 | 0.000000
767 | 0.000100
767 | 0.000000
765 | 0.000000
763 | 0.000100
762 | 0.000000
760 | 0.000100
759 | 0.000100
758 | 0.000000
757 | 0.000000
756 | 0.000100
755 | 0.000000
755 | 0.000100
754 | 0.000100
750 | 0.000200
750 | 0.000100
749 | 0.000100
749 | 0.000100
747 | 0.000100
745 | 0.000100
745 | 0.000000
745 | 0.000100
744 | 0.000100
744 | 0.000000
745 | 0.000100
746 | 0.000000
744 | 0.000000
745 | 0.000100
744 | 0.000100
743 | 0.000100
743 | 0.000100
746 | 0.000100
745 | 0.000000
745 | 0.000000
745 | 0.000000
744 | 0.000100
745 | 0.000000
746 | 0.000000
750 | 0.000100
749 | 0.000100
747 | 0.000100
748 | 0.000100
747 | 0.000100
752 | 0.000100
749 | 0.000000
745 | 0.000100
748 | 0.000000
747 | 0.000100
749 | 0.000000
746 | 0.000000
746 | 0.000100
746 | 0.000000
743 | 0.000000
742 | 0.000100
742 | 0.000100
740 | 0.000100
739 | 0.000100
738 | 0.000000
738 | 0.000000
739 | 0.000100
739 | 0.000000
737 | 0.000100
734 | 0.000100
734 | 0.000100
734 | 0.000100
733 | 0.000100
732 | 0.000100
733 | 0.000000
731 | 0.000100
730 | 0.000000
729 | 0.000000
728 | 0.000000
728 | 0.000100
725 | 0.000000
727 | 0.000100
729 | 0.000100
726 | 0.000000
725 | 0.000100
724 | 0.000000
722 | 0.000100
722 | 0.000100
719 | 0.000100
717 | 0.000000
718 | 0.000000
718 | 0.000100
719 | 0.000100
719 | 0.000000
720 | 0.000000
718 | 0.000000
717 | 0.000100
716 | 0.000100
715 | 0.000100
718 | 0.000100
717 | 0.000100
719 | 0.000000
719 | 0.000000
719 | 0.000000
718 | 0.000100
718 | 0.000000
717 | 0.000000
719 | 0.000000
716 | 0.000000
715 | 0.000100
719 | 0.000100
718 | 0.000000
723 | 0.000100
722 | 0.000100
722 | 0.000100
721 | 0.000100
722 | 0.000000
720 | 0.000100
719 | 0.000000
718 | 0.000000
718 | 0.000100
717 | 0.000300
718 | 0.000100
717 | 0.000100
717 | 0.000000
716 | 0.000000
718 | 0.000100
719 | 0.000000
719 | 0.000000
720 | 0.000000
720 | 0.000000
719 | 0.000000
719 | 0.000100
720 | 0.000000
721 | 0.000000
725 | 0.000100
723 | 0.000100
725 | 0.000000
726 | 0.000100
725 | 0.000000
724 | 0.000100
724 | 0.000100
723 | 0.000100
723 | 0.000000
726 | 0.000000
730 | 0.000000
729 | 0.000000
727 | 0.000000
728 | 0.000000
725 | 0.000100
725 | 0.000000
725 | 0.000100
725 | 0.000100
727 | 0.000000
725 | 0.000100
724 | 0.000000
723 | 0.000000
722 | 0.000000
721 | 0.000100
721 | 0.000000
720 | 0.000000
719 | 0.000000
718 | 0.000100
717 | 0.000100
716 | 0.000100
718 | 0.000000
718 | 0.000100
719 | 0.000000
718 | 0.000000
719 | 0.000000
718 | 0.000000
719 | 0.000000
718 | 0.000000
717 | 0.000100
721 | 0.000100
719 | 0.000100
718 | 0.000100
718 | 0.000100
718 | 0.000000
717 | 0.000100
715 | 0.000000
716 | 0.000100
722 | 0.000000
723 | 0.000000
724 | 0.000000
725 | 0.000000
725 | 0.000000
725 | 0.000100
727 | 0.000100
725 | 0.000000
724 | 0.000100
727 | 0.000100
726 | 0.000100
727 | 0.000000
727 | 0.000100
726 | 0.000000
725 | 0.000100
727 | 0.000100
728 | 0.000000
727 | 0.000100
727 | 0.000100
728 | 0.000000
734 | 0.000100
733 | 0.000000
733 | 0.000000
732 | 0.000100
729 | 0.000000
734 | 0.000100
732 | 0.000100
734 | 0.000000
733 | 0.000100
731 | 0.000000
729 | 0.000000
728 | 0.000100
729 | 0.000000
728 | 0.000000
727 | 0.000000
726 | 0.000100
724 | 0.000000
721 | 0.000100
724 | 0.000100
724 | 0.000000
722 | 0.000100
720 | 0.000000
719 | 0.000400
724 | 0.000000
726 | 0.000000
725 | 0.000000
725 | 0.000100
724 | 0.000000
726 | 0.000100
736 | 0.000100
733 | 0.000000
731 | 0.000000
730 | 0.000000
729 | 0.000000
734 | 0.000100
733 | 0.000000
734 | 0.000100
735 | 0.000000
736 | 0.000100
735 | 0.000100
734 | 0.000100
733 | 0.000000
732 | 0.000100
731 | 0.000100
731 | 0.000000
733 | 0.000100
734 | 0.000000
733 | 0.000100
734 | 0.000100
733 | 0.000100
732 | 0.000100
730 | 0.000000
730 | 0.000000
729 | 0.000100
731 | 0.000200
730 | 0.000100
728 | 0.000100
730 | 0.000100
733 | 0.000000
731 | 0.000100
729 | 0.000100
730 | 0.000100
733 | 0.000100
732 | 0.000000
731 | 0.000000
730 | 0.000100
726 | 0.000100
724 | 0.000100
724 | 0.000100
721 | 0.000100
720 | 0.000100
719 | 0.000100
718 | 0.000100
718 | 0.000100
717 | 0.000100
717 | 0.000100
717 | 0.000100
717 | 0.000000
722 | 0.000000
721 | 0.000000
722 | 0.000000
720 | 0.000000
719 | 0.000000
718 | 0.000000
719 | 0.000000
719 | 0.000000
717 | 0.000000
718 | 0.000100
717 | 0.000100
716 | 0.000100
717 | 0.000100
716 | 0.000100
715 | 0.000100
716 | 0.000100
717 | 0.000100
718 | 0.000000
717 | 0.000100
720 | 0.000000
715 | 0.000100
716 | 0.000000
711 | 0.000000
711 | 0.000100
708 | 0.000000
707 | 0.000000
708 | 0.000000
707 | 0.000000
710 | 0.000000
712 | 0.000200
710 | 0.000000
710 | 0.000000
709 | 0.000100
707 | 0.000000
712 | 0.000000
712 | 0.000000
712 | 0.000000
712 | 0.000000
711 | 0.000000
710 | 0.000000
712 | 0.000000
713 | 0.000000
720 | 0.000100
719 | 0.000000
717 | 0.000100
715 | 0.000100
714 | 0.000100
711 | 0.000100
714 | 0.000000
713 | 0.000100
713 | 0.000100
712 | 0.000000
714 | 0.000100
712 | 0.000100
716 | 0.000000
716 | 0.000100
720 | 0.000000
722 | 0.000100
721 | 0.000100
721 | 0.000000
719 | 0.000000
718 | 0.000000
715 | 0.000000
716 | 0.000100
715 | 0.000100
716 | 0.000100
715 | 0.000100
716 | 0.000100
713 | 0.000000
713 | 0.000000
712 | 0.000000
711 | 0.000100
709 | 0.000100
708 | 0.000100
707 | 0.000100
712 | 0.000100
713 | 0.000100
712 | 0.000300
710 | 0.000000
709 | 0.000000
708 | 0.000000
710 | 0.000100
708 | 0.000000
709 | 0.000000
706 | 0.000100
704 | 0.000000
703 | 0.000000
705 | 0.000100
704 | 0.000000
707 | 0.000000
704 | 0.000100
705 | 0.000100
704 | 0.000000
704 | 0.000100
702 | 0.000000
698 | 0.000000
698 | 0.000100
697 | 0.000100
698 | 0.000000
700 | 0.000100
698 | 0.000100
697 | 0.000000
701 | 0.000100
701 | 0.000000
700 | 0.000000
705 | 0.000000
706 | 0.000000
704 | 0.000000
702 | 0.000200
701 | 0.000000
700 | 0.000100
700 | 0.000100
699 | 0.000000
697 | 0.000100
697 | 0.000000
697 | 0.000100
696 | 0.000000
696 | 0.000000
694 | 0.000000
692 | 0.000100
688 | 0.000100
688 | 0.000000
691 | 0.000000
688 | 0.000000
690 | 0.000200
690 | 0.000100
689 | 0.000100
688 | 0.000100
689 | 0.000000
690 | 0.000100
690 | 0.000000
692 | 0.000100
695 | 0.000100
696 | 0.000000
696 | 0.000000
695 | 0.000000
697 | 0.000100
699 | 0.000100
698 | 0.000100
704 | 0.000000
703 | 0.000100
702 | 0.000100
702 | 0.000000
702 | 0.000000
703 | 0.000100
703 | 0.000100
704 | 0.000000
704 | 0.000100
704 | 0.000000
704 | 0.000000
703 | 0.000000
703 | 0.000000
705 | 0.000000
706 | 0.000100
708 | 0.000100
707 | 0.000100
706 | 0.000000
706 | 0.000000
705 | 0.000000
704 | 0.000000
705 | 0.000100
704 | 0.000100
703 | 0.000000
700 | 0.000000
701 | 0.000100
704 | 0.000000
707 | 0.000100
706 | 0.000000
708 | 0.000100
709 | 0.000100
708 | 0.000100
707 | 0.000000
707 | 0.000100
708 | 0.000100
708 | 0.000000
713 | 0.000100
718 | 0.000100
717 | 0.000000
716 | 0.000000
715 | 0.000000
713 | 0.000000
712 | 0.000100
710 | 0.000000
711 | 0.000000
711 | 0.000000
710 | 0.000000
709 | 0.000100
710 | 0.000100
711 | 0.000100
710 | 0.000000
708 | 0.000100
708 | 0.000000
710 | 0.000000
710 | 0.000000
709 | 0.000000
713 | 0.000100
711 | 0.000100
711 | 0.000100
710 | 0.000000
709 | 0.000100
710 | 0.000100
708 | 0.000000
710 | 0.000100
711 | 0.000100
711 | 0.000000
711 | 0.000000
710 | 0.000100
710 | 0.000000
712 | 0.000100
712 | 0.000000
716 | 0.000000
715 | 0.000100
718 | 0.000000
718 | 0.000000
717 | 0.000000
715 | 0.000000
719 | 0.000000
720 | 0.000100
719 | 0.000100
724 | 0.000100
723 | 0.000000
723 | 0.000000
723 | 0.000100
722 | 0.000100
724 | 0.000100
723 | 0.000000
724 | 0.000100
722 | 0.000100
720 | 0.000100
719 | 0.000000
718 | 0.000100
718 | 0.000100
718 | 0.000000
723 | 0.000100
726 | 0.000000
725 | 0.000100
726 | 0.000000
725 | 0.000000
724 | 0.000100
723 | 0.000000
726 | 0.000000
725 | 0.000000
724 | 0.000000
723 | 0.000100
722 | 0.000100
721 | 0.000000
721 | 0.000100
724 | 0.000000
725 | 0.000100
724 | 0.000100
726 | 0.000100
725 | 0.000100
728 | 0.000100
728 | 0.000100
727 | 0.000000
726 | 0.000100
726 | 0.000000
728 | 0.000000
729 | 0.000000
728 | 0.000100
727 | 0.000100
738 | 0.000000
740 | 0.000100
739 | 0.000100
742 | 0.000100
746 | 0.000000
744 | 0.000100
742 | 0.000100
743 | 0.000000
751 | 0.000100
752 | 0.000000
752 | 0.000000
751 | 0.000100
751 | 0.000100
749 | 0.000100
748 | 0.000100
748 | 0.000000
750 | 0.000000
752 | 0.000000
751 | 0.000100
754 | 0.000000
753 | 0.000000
751 | 0.000100
756 | 0.000100
755 | 0.000000
754 | 0.000100
753 | 0.000000
752 | 0.000000
751 | 0.000100
750 | 0.000100
749 | 0.000000
746 | 0.000100
745 | 0.000100
744 | 0.000000
744 | 0.000000
741 | 0.000100
741 | 0.000000
747 | 0.000000
748 | 0.000100
748 | 0.000100
747 | 0.000000
747 | 0.000000
746 | 0.000000
747 | 0.000000
747 | 0.000000
750 | 0.000100
752 | 0.000100
756 | 0.000000
754 | 0.000000
754 | 0.000000
753 | 0.000100
754 | 0.000100
753 | 0.000100
752 | 0.000100
752 | 0.000000
752 | 0.000100
747 | 0.000000
747 | 0.000000
750 | 0.000000
751 | 0.000000
752 | 0.000100
751 | 0.000100
750 | 0.000000
749 | 0.000000
748 | 0.000100
749 | 0.000100
749 | 0.000000
752 | 0.000000
750 | 0.000000
748 | 0.000000
749 | 0.000000
753 | 0.000000
755 | 0.000000
756 | 0.000000
751 | 0.000100
752 | 0.000000
753 | 0.000000
753 | 0.000000
752 | 0.000000
753 | 0.000100
753 | 0.000000
752 | 0.000100
748 | 0.000000
747 | 0.000100
746 | 0.000000
745 | 0.000100
746 | 0.000100
746 | 0.000000
743 | 0.000200
742 | 0.000000
745 | 0.000100
744 | 0.000000
744 | 0.000000
743 | 0.000100
745 | 0.000100
746 | 0.000000
743 | 0.000100
749 | 0.000000
751 | 0.000000
749 | 0.000000
750 | 0.000100
751 | 0.000100
750 | 0.000100
749 | 0.000100
748 | 0.000100
752 | 0.000000
754 | 0.000100
758 | 0.000000
755 | 0.000100
754 | 0.000000
755 | 0.000300
757 | 0.000000
754 | 0.000100
752 | 0.000000
753 | 0.000100
753 | 0.000000
751 | 0.000100
749 | 0.000100
747 | 0.000000
748 | 0.000100
747 | 0.000100
747 | 0.000100
746 | 0.000100
746 | 0.000000
746 | 0.000000
746 | 0.000000
746 | 0.000000
746 | 0.000000
745 | 0.000000
744 | 0.000100
744 | 0.000000
743 | 0.000400
746 | 0.000100
746 | 0.000000
745 | 0.000100
745 | 0.000000
745 | 0.000000
746 | 0.000000
746 | 0.000000
749 | 0.000000
746 | 0.000000
744 | 0.000100
744 | 0.000100
743 | 0.000000
743 | 0.000000
744 | 0.000100
743 | 0.000300
745 | 0.000000
744 | 0.000100
746 | 0.000000
745 | 0.000000
748 | 0.000100
747 | 0.000000
749 | 0.000000
749 | 0.000000
752 | 0.000100
751 | 0.000300
750 | 0.000000
751 | 0.000000
750 | 0.000200
749 | 0.000000
756 | 0.000000
755 | 0.000000
754 | 0.000000
752 | 0.000000
753 | 0.000000
750 | 0.000000
757 | 0.000000
755 | 0.000000
755 | 0.000100
754 | 0.000100
751 | 0.000100
751 | 0.000100
751 | 0.000500
750 | 0.000100
747 | 0.000100
744 | 0.000000
743 | 0.000100
742 | 0.000100
747 | 0.000000
748 | 0.000100
747 | 0.000100
747 | 0.000100
747 | 0.000100
745 | 0.000000
747 | 0.000000
747 | 0.000100
745 | 0.000000
746 | 0.000000
746 | 0.000000
745 | 0.000100
746 | 0.000100
745 | 0.000100
743 | 0.000100
744 | 0.000100
744 | 0.000100
749 | 0.000000
752 | 0.000000
751 | 0.000000
748 | 0.000100
746 | 0.000100
746 | 0.000100
750 | 0.000200
750 | 0.000000
749 | 0.000000
748 | 0.000100
747 | 0.000200
746 | 0.000000
745 | 0.000000
744 | 0.000100
747 | 0.000000
748 | 0.000000
754 | 0.000000
754 | 0.000100
756 | 0.000000
755 | 0.000000
754 | 0.000000
753 | 0.000100
751 | 0.000000
750 | 0.000100
749 | 0.000100
748 | 0.000100
747 | 0.000000
746 | 0.000000
748 | 0.000200
748 | 0.000100
749 | 0.000100
749 | 0.000100
748 | 0.000100
748 | 0.000000
751 | 0.000100
760 | 0.000100
760 | 0.000100
759 | 0.000000
759 | 0.000000
757 | 0.000100
757 | 0.000100
762 | 0.000100
762 | 0.000100
760 | 0.000100
764 | 0.000100
766 | 0.000000
765 | 0.000000
768 | 0.000000
773 | 0.000000
774 | 0.000000
776 | 0.000100
773 | 0.000000
775 | 0.000000
775 | 0.000000
774 | 0.000000
773 | 0.000100
772 | 0.000100
771 | 0.000100
768 | 0.000100
767 | 0.000000
765 | 0.000100
764 | 0.000100
764 | 0.000000
761 | 0.000100
769 | 0.000100
771 | 0.000100
771 | 0.000000
771 | 0.000100
770 | 0.000100
770 | 0.000000
769 | 0.000000
774 | 0.000000
773 | 0.000000
772 | 0.000000
772 | 0.000000
771 | 0.000100
773 | 0.000000
770 | 0.000100
767 | 0.000100
766 | 0.000100
769 | 0.000000
772 | 0.000200
772 | 0.000100
768 | 0.000100
767 | 0.000100
769 | 0.000100
772 | 0.000000
773 | 0.000000
772 | 0.000100
771 | 0.000000
768 | 0.000000
767 | 0.000000
766 | 0.000000
765 | 0.000000
761 | 0.000100
764 | 0.000100
763 | 0.000100
762 | 0.000100
762 | 0.000000
762 | 0.000100
762 | 0.000200
761 | 0.000000
760 | 0.000100
759 | 0.000000
758 | 0.000100
756 | 0.000000
755 | 0.000000
758 | 0.000000
759 | 0.000100
761 | 0.000100
760 | 0.000000
760 | 0.000000
758 | 0.000100
756 | 0.000100
757 | 0.000000
756 | 0.000100
754 | 0.000100
755 | 0.000100
754 | 0.000100
753 | 0.000100
752 | 0.000100
751 | 0.000000
752 | 0.000300
752 | 0.000000
751 | 0.000200
751 | 0.000100
756 | 0.000000
755 | 0.000100
752 | 0.000100
749 | 0.000100
749 | 0.000000
750 | 0.000100
748 | 0.000200
748 | 0.000100
747 | 0.000000
747 | 0.000000
746 | 0.000100
746 | 0.000000
746 | 0.000000
748 | 0.000100
748 | 0.000100
747 | 0.000100
747 | 0.000200
746 | 0.000100
748 | 0.000100
747 | 0.000100
747 | 0.000000
747 | 0.000000
744 | 0.000000
745 | 0.000100
744 | 0.000100
741 | 0.000000
740 | 0.000000
741 | 0.000100
742 | 0.000200
741 | 0.000100
741 | 0.000000
740 | 0.000100
740 | 0.000100
738 | 0.000000
738 | 0.000200
739 | 0.000100
738 | 0.000200
737 | 0.000300
736 | 0.000400
740 | 0.000000
742 | 0.000100
742 | 0.000000
743 | 0.000100
746 | 0.000000
747 | 0.000100
748 | 0.000000
747 | 0.000100
747 | 0.000000
746 | 0.000100
744 | 0.000000
742 | 0.000100
742 | 0.000100
744 | 0.000100
743 | 0.000000
742 | 0.000100
741 | 0.000100
740 | 0.000100
749 | 0.000000
747 | 0.000000
746 | 0.000000
745 | 0.000100
746 | 0.000000
747 | 0.000000
747 | 0.000000
746 | 0.000000
746 | 0.000100
746 | 0.000000
746 | 0.000000
745 | 0.000100
745 | 0.000100
749 | 0.000100
747 | 0.000000
747 | 0.000200
747 | 0.000000
746 | 0.000100
746 | 0.000100
745 | 0.000000
744 | 0.000100
744 | 0.000100
747 | 0.000000
746 | 0.000000
743 | 0.000100
745 | 0.000100
744 | 0.000000
748 | 0.000000
747 | 0.000100
746 | 0.000000
745 | 0.000100
744 | 0.000000
742 | 0.000100
743 | 0.000000
742 | 0.000000
742 | 0.000400
741 | 0.000100
741 | 0.000000
741 | 0.000100
743 | 0.000000
742 | 0.000000
741 | 0.000200
740 | 0.000100
739 | 0.000100
738 | 0.000000
737 | 0.000000
736 | 0.000000
735 | 0.000100
734 | 0.000200
733 | 0.000100
732 | 0.000200
731 | 0.000000
730 | 0.000300
729 | 0.000100
728 | 0.000000
727 | 0.000000
726 | 0.000000
725 | 0.000100
724 | 0.000000
723 | 0.000100
722 | 0.000000
721 | 0.000300
720 | 0.000100
719 | 0.000000
718 | 0.000100
717 | 0.000100
716 | 0.000100
715 | 0.000100
714 | 0.000100
713 | 0.000100
712 | 0.000200
711 | 0.000000
710 | 0.000200
709 | 0.000100
708 | 0.000000
707 | 0.000100
706 | 0.000100
705 | 0.000000
704 | 0.000000
703 | 0.000100
702 | 0.000000
701 | 0.000200
700 | 0.000100
699 | 0.000100
698 | 0.000100
697 | 0.000000
696 | 0.000000
695 | 0.000000
694 | 0.000100
693 | 0.000100
692 | 0.000000
691 | 0.000000
690 | 0.000100
689 | 0.000100
688 | 0.000100
687 | 0.000000
686 | 0.000000
685 | 0.000100
684 | 0.000100
683 | 0.000300
682 | 0.000300
681 | 0.000200
680 | 0.000200
679 | 0.000100
678 | 0.000200
677 | 0.000100
676 | 0.000000
675 | 0.000000
674 | 0.000100
673 | 0.000100
672 | 0.000000
671 | 0.000100
670 | 0.000100
669 | 0.000000
668 | 0.000100
667 | 0.000100
666 | 0.000100
665 | 0.000100
664 | 0.000000
663 | 0.000100
662 | 0.000100
661 | 0.000000
660 | 0.000000
659 | 0.000100
658 | 0.000000
657 | 0.000100
656 | 0.000100
655 | 0.000000
654 | 0.000100
653 | 0.000000
652 | 0.000000
651 | 0.000100
650 | 0.000100
649 | 0.000100
648 | 0.000000
647 | 0.000100
646 | 0.000100
645 | 0.000100
644 | 0.000000
643 | 0.000100
642 | 0.000000
641 | 0.000000
640 | 0.000000
639 | 0.000000
638 | 0.000000
637 | 0.000100
636 | 0.000100
635 | 0.000100
634 | 0.000000
633 | 0.000000
632 | 0.000100
631 | 0.000100
630 | 0.000100
629 | 0.000100
628 | 0.000100
627 | 0.000100
626 | 0.000000
625 | 0.000000
624 | 0.000100
623 | 0.000100
622 | 0.000000
621 | 0.000100
620 | 0.000100
619 | 0.000000
618 | 0.000100
617 | 0.000100
616 | 0.000100
615 | 0.000000
614 | 0.000100
613 | 0.000100
612 | 0.000000
611 | 0.000000
610 | 0.000100
609 | 0.000000
608 | 0.000000
607 | 0.000100
606 | 0.000000
605 | 0.000000
604 | 0.000000
603 | 0.000000
602 | 0.000100
601 | 0.000100
600 | 0.000100
599 | 0.000000
598 | 0.000100
597 | 0.000000
596 | 0.000000
595 | 0.000000
594 | 0.000100
593 | 0.000100
592 | 0.000000
591 | 0.000100
590 | 0.000100
589 | 0.000100
588 | 0.000000
587 | 0.000100
586 | 0.000100
585 | 0.000100
584 | 0.000100
583 | 0.000100
582 | 0.000100
581 | 0.000000
580 | 0.000100
579 | 0.000100
578 | 0.000200
577 | 0.000100
576 | 0.000000
575 | 0.000000
574 | 0.000000
573 | 0.000000
572 | 0.000100
571 | 0.000000
570 | 0.000100
569 | 0.000100
568 | 0.000000
567 | 0.000000
566 | 0.000100
565 | 0.000100
564 | 0.000100
563 | 0.000100
562 | 0.000000
561 | 0.000100
560 | 0.000100
559 | 0.000000
558 | 0.000000
557 | 0.000100
556 | 0.000000
555 | 0.000000
554 | 0.000000
553 | 0.000100
552 | 0.000100
551 | 0.000100
550 | 0.000000
549 | 0.000100
548 | 0.000100
547 | 0.000000
546 | 0.000000
545 | 0.000000
544 | 0.000300
543 | 0.000000
542 | 0.000100
541 | 0.000000
540 | 0.000100
539 | 0.000100
538 | 0.000000
537 | 0.000000
536 | 0.000000
535 | 0.000100
534 | 0.000100
533 | 0.000000
532 | 0.000000
531 | 0.000000
530 | 0.000000
529 | 0.000300
528 | 0.000100
527 | 0.000100
526 | 0.000000
525 | 0.000100
524 | 0.000000
523 | 0.000000
522 | 0.000000
521 | 0.000100
520 | 0.000100
519 | 0.000000
518 | 0.000100
517 | 0.000100
516 | 0.000000
515 | 0.000100
514 | 0.000000
513 | 0.000100
512 | 0.000000
511 | 0.000000
510 | 0.000000
509 | 0.000100
508 | 0.000100
507 | 0.000100
506 | 0.000100
505 | 0.000000
504 | 0.000000
503 | 0.000100
502 | 0.000100
501 | 0.000100
500 | 0.000000
499 | 0.000000
498 | 0.000000
497 | 0.000000
496 | 0.000000
495 | 0.000100
494 | 0.000100
493 | 0.000000
492 | 0.000100
491 | 0.000100
490 | 0.000100
489 | 0.000000
488 | 0.000100
487 | 0.000000
486 | 0.000000
485 | 0.000000
484 | 0.000100
483 | 0.000100
482 | 0.000000
481 | 0.000100
480 | 0.000100
479 | 0.000000
478 | 0.000000
477 | 0.000100
476 | 0.000000
475 | 0.000100
474 | 0.000000
473 | 0.000000
472 | 0.000000
471 | 0.000000
470 | 0.000000
469 | 0.000100
468 | 0.000100
467 | 0.000000
466 | 0.000100
465 | 0.000200
464 | 0.000000
463 | 0.000100
462 | 0.000000
461 | 0.000000
460 | 0.000000
459 | 0.000000
458 | 0.000000
457 | 0.000100
456 | 0.000000
455 | 0.000100
454 | 0.000100
453 | 0.000100
452 | 0.000000
451 | 0.000100
450 | 0.000000
449 | 0.000100
448 | 0.000100
447 | 0.000000
446 | 0.000100
445 | 0.000100
444 | 0.000100
443 | 0.000000
442 | 0.000000
441 | 0.000000
440 | 0.000100
439 | 0.000100
438 | 0.000000
437 | 0.000100
436 | 0.000000
435 | 0.000100
434 | 0.000000
433 | 0.000000
432 | 0.000100
431 | 0.000500
430 | 0.000100
429 | 0.000100
428 | 0.000000
427 | 0.000100
426 | 0.000100
425 | 0.000100
424 | 0.000000
423 | 0.000100
422 | 0.000000
421 | 0.000100
420 | 0.000000
419 | 0.000000
418 | 0.000100
417 | 0.000100
416 | 0.000000
415 | 0.000000
414 | 0.000100
413 | 0.000000
412 | 0.000000
411 | 0.000100
410 | 0.000200
409 | 0.000000
408 | 0.000100
407 | 0.000000
406 | 0.000000
405 | 0.000100
404 | 0.000100
403 | 0.000000
402 | 0.000100
401 | 0.000000
400 | 0.000100
399 | 0.000000
398 | 0.000000
397 | 0.000100
396 | 0.000100
395 | 0.000100
394 | 0.000100
393 | 0.000100
392 | 0.000100
391 | 0.000000
390 | 0.000100
389 | 0.000000
388 | 0.000100
387 | 0.000100
386 | 0.000000
385 | 0.000100
384 | 0.000000
383 | 0.000100
382 | 0.000000
381 | 0.000000
380 | 0.000100
379 | 0.000100
378 | 0.000100
377 | 0.000100
376 | 0.000100
375 | 0.000000
374 | 0.000100
373 | 0.000100
372 | 0.000000
371 | 0.000100
370 | 0.000000
369 | 0.000100
368 | 0.000000
367 | 0.000000
366 | 0.000100
365 | 0.000000
364 | 0.000000
363 | 0.000000
362 | 0.000100
361 | 0.000000
360 | 0.000100
359 | 0.000100
358 | 0.000000
357 | 0.000000
356 | 0.000100
355 | 0.000000
354 | 0.000100
353 | 0.000000
352 | 0.000000
351 | 0.000000
350 | 0.000100
349 | 0.000100
348 | 0.000000
347 | 0.000100
346 | 0.000100
345 | 0.000000
344 | 0.000100
343 | 0.000100
342 | 0.000000
341 | 0.000000
340 | 0.000100
339 | 0.000100
338 | 0.000100
337 | 0.000100
336 | 0.000100
335 | 0.000000
334 | 0.000000
333 | 0.000100
332 | 0.000000
331 | 0.000100
330 | 0.000000
329 | 0.000000
328 | 0.000100
327 | 0.000000
326 | 0.000100
325 | 0.000000
324 | 0.000000
323 | 0.000100
322 | 0.000100
321 | 0.000000
320 | 0.000100
319 | 0.000100
318 | 0.000000
317 | 0.000100
316 | 0.000100
315 | 0.000000
314 | 0.000100
313 | 0.000000
312 | 0.000000
311 | 0.000100
310 | 0.000100
309 | 0.000000
308 | 0.000100
307 | 0.000000
306 | 0.000000
305 | 0.000000
304 | 0.000100
303 | 0.000100
302 | 0.000000
301 | 0.000000
300 | 0.000000
299 | 0.000000
298 | 0.000000
297 | 0.000100
296 | 0.000000
295 | 0.000100
294 | 0.000100
293 | 0.000000
292 | 0.000000
291 | 0.000000
290 | 0.000100
289 | 0.000100
288 | 0.000000
287 | 0.000000
286 | 0.000100
285 | 0.000100
284 | 0.000000
283 | 0.000000
282 | 0.000100
281 | 0.000100
280 | 0.000100
279 | 0.000100
278 | 0.000100
277 | 0.000000
276 | 0.000100
275 | 0.000200
274 | 0.000100
273 | 0.000100
272 | 0.000000
271 | 0.000000
270 | 0.000100
269 | 0.000000
268 | 0.000100
267 | 0.000100
266 | 0.000000
265 | 0.000000
264 | 0.000100
263 | 0.000000
262 | 0.000000
261 | 0.000100
260 | 0.000100
259 | 0.000100
258 | 0.000100
257 | 0.000000
256 | 0.000100
255 | 0.000000
254 | 0.000000
253 | 0.000000
252 | 0.000000
251 | 0.000000
250 | 0.000000
249 | 0.000000
248 | 0.000000
247 | 0.000100
246 | 0.000100
245 | 0.000000
244 | 0.000000
243 | 0.000000
242 | 0.000000
241 | 0.000100
240 | 0.000100
239 | 0.000000
238 | 0.000100
237 | 0.000000
236 | 0.000000
235 | 0.000100
234 | 0.000000
233 | 0.000000
232 | 0.000000
231 | 0.000100
230 | 0.000000
229 | 0.000000
228 | 0.000000
227 | 0.000100
226 | 0.000100
225 | 0.000100
224 | 0.000100
223 | 0.000000
222 | 0.000100
221 | 0.000000
220 | 0.000000
219 | 0.000100
218 | 0.000100
217 | 0.000000
216 | 0.000000
215 | 0.000100
214 | 0.000000
213 | 0.000000
212 | 0.000100
211 | 0.000000
210 | 0.000100
209 | 0.000100
208 | 0.000000
207 | 0.000000
206 | 0.000100
205 | 0.000000
204 | 0.000100
203 | 0.000000
202 | 0.000100
201 | 0.000000
200 | 0.000000
199 | 0.000000
198 | 0.000000
197 | 0.000000
196 | 0.000100
195 | 0.000000
194 | 0.000000
193 | 0.000100
192 | 0.000000
191 | 0.000000
190 | 0.000100
189 | 0.000100
188 | 0.000000
187 | 0.000000
186 | 0.000100
185 | 0.000000
184 | 0.000100
183 | 0.000000
182 | 0.000100
181 | 0.000100
180 | 0.000000
179 | 0.000100
178 | 0.000400
177 | 0.000100
176 | 0.000000
175 | 0.000000
174 | 0.000000
173 | 0.000100
172 | 0.000100
171 | 0.000000
170 | 0.000100
169 | 0.000100
168 | 0.000000
167 | 0.000100
166 | 0.000100
165 | 0.000100
164 | 0.000000
163 | 0.000100
162 | 0.000000
161 | 0.000100
160 | 0.000100
159 | 0.000000
158 | 0.000100
157 | 0.000100
156 | 0.000000
155 | 0.000100
154 | 0.000100
153 | 0.000000
152 | 0.000000
151 | 0.000000
150 | 0.000000
149 | 0.000000
148 | 0.000100
147 | 0.000000
146 | 0.000100
145 | 0.000100
144 | 0.000000
143 | 0.000100
142 | 0.000000
141 | 0.000000
140 | 0.000000
139 | 0.000100
138 | 0.000000
137 | 0.000100
136 | 0.000000
135 | 0.000000
134 | 0.000100
133 | 0.000100
132 | 0.000000
131 | 0.000100
130 | 0.000100
129 | 0.000000
128 | 0.000000
127 | 0.000000
126 | 0.000100
125 | 0.000100
124 | 0.000000
123 | 0.000000
122 | 0.000100
121 | 0.000000
120 | 0.000000
119 | 0.000000
118 | 0.000100
117 | 0.000100
116 | 0.000000
115 | 0.000000
114 | 0.000000
113 | 0.000000
112 | 0.000000
111 | 0.000100
110 | 0.000100
109 | 0.000100
108 | 0.000100
107 | 0.000000
106 | 0.000100
105 | 0.000000
104 | 0.000100
103 | 0.000000
102 | 0.000100
101 | 0.000100
100 | 0.000000
99 | 0.000000
98 | 0.000000
97 | 0.000100
96 | 0.000000
95 | 0.000100
94 | 0.000000
93 | 0.000100
92 | 0.000000
91 | 0.000000
90 | 0.000100
89 | 0.000000
88 | 0.000000
87 | 0.000000
86 | 0.000100
85 | 0.000000
84 | 0.000000
83 | 0.000000
82 | 0.000100
81 | 0.000000
80 | 0.000000
79 | 0.000000
78 | 0.000000
77 | 0.000100
76 | 0.000000
75 | 0.000100
74 | 0.000000
73 | 0.000100
72 | 0.000100
71 | 0.000100
70 | 0.000000
69 | 0.000100
68 | 0.000100
67 | 0.000100
66 | 0.000000
65 | 0.000100
64 | 0.000100
63 | 0.000100
62 | 0.000100
61 | 0.000000
60 | 0.000000
59 | 0.000100
58 | 0.000000
57 | 0.000000
56 | 0.000000
55 | 0.000100
54 | 0.000000
53 | 0.000100
52 | 0.000000
51 | 0.000000
50 | 0.000000
49 | 0.000100
48 | 0.000100
47 | 0.000100
46 | 0.000000
45 | 0.000000
44 | 0.000000
43 | 0.000100
42 | 0.000000
41 | 0.000000
40 | 0.000100
39 | 0.000100
38 | 0.000000
37 | 0.000100
36 | 0.000100
35 | 0.000100
34 | 0.000000
33 | 0.000000
32 | 0.000100
31 | 0.000000
30 | 0.000100
29 | 0.000100
28 | 0.000000
27 | 0.000100
26 | 0.000000
25 | 0.000000
24 | 0.000100
23 | 0.000100
22 | 0.000300
21 | 0.000100
20 | 0.000600
19 | 0.000100
18 | 0.000100
17 | 0.000200
16 | 0.000000
15 | 0.000000
14 | 0.000000
13 | 0.000300
12 | 0.000100
11 | 0.000200
10 | 0.000000
9 | 0.000100
8 | 0.000000
7 | 0.000100
6 | 0.000100
5 | 0.000000
4 | 0.000000
3 | 0.000000
2 | 0.000100
1 | 0.000100