0 | 0.000400
1 | 0.000600
2 | 0.000300
3 | 0.000700
4 | 0.000200
5 | 0.000700
6 | 0.000300
7 | 0.000900
8 | 0.000300
9 | 0.000400
10 | 0.000200
11 | 0.000600
12 | 0.000300
13 | 0.000500
14 | 0.000200
15 | 0.001000
16 | 0.000300
17 | 0.000500
18 | 0.000200
19 | 0.000600
20 | 0.000200
21 | 0.000400
22 | 0.000200
23 | 0.000800
24 | 0.000300
25 | 0.000500
26 | 0.000300
27 | 0.000600
28 | 0.000300
29 | 0.000400
30 | 0.000300
31 | 0.001200
32 | 0.000600
33 | 0.000900
34 | 0.000600
35 | 0.001100
36 | 0.000500
37 | 0.000700
38 | 0.000400
39 | 0.000800
40 | 0.000200
41 | 0.000500
42 | 0.000300
43 | 0.000600
44 | 0.000200
45 | 0.000500
46 | 0.000200
47 | 0.000900
48 | 0.000300
49 | 0.000800
50 | 0.000500
51 | 0.000800
52 | 0.000400
53 | 0.000600
54 | 0.000300
55 | 0.001300
56 | 0.000400
57 | 0.000700
58 | 0.000500
59 | 0.001000
60 | 0.000600
61 | 0.000600
62 | 0.000500
63 | 0.001700
64 | 0.000400
65 | 0.001000
66 | 0.000900
67 | 0.001400
68 | 0.000300
69 | 0.000500
70 | 0.000400
71 | 0.000800
72 | 0.000200
73 | 0.000600
74 | 0.000300
75 | 0.000700
76 | 0.000300
77 | 0.000500
78 | 0.000300
79 | 0.001000
80 | 0.000300
81 | 0.000400
82 | 0.000300
83 | 0.000600
84 | 0.000300
85 | 0.000400
86 | 0.000200
87 | 0.000700
88 | 0.000300
89 | 0.001000
90 | 0.000300
91 | 0.000800
92 | 0.000300
93 | 0.000400
94 | 0.000300
95 | 0.001300
96 | 0.000200
97 | 0.000400
98 | 0.000300
99 | 0.000600
100 | 0.000300
101 | 0.000600
102 | 0.000500
103 | 0.000800
104 | 0.000500
105 | 0.000600
106 | 0.000300
107 | 0.000700
108 | 0.000300
109 | 0.000500
110 | 0.000200
111 | 0.001000
112 | 0.000300
113 | 0.000400
114 | 0.000300
115 | 0.000800
116 | 0.000300
117 | 0.000500
118 | 0.000300
119 | 0.000900
120 | 0.000300
121 | 0.000500
122 | 0.000300
123 | 0.000700
124 | 0.000300
125 | 0.000500
126 | 0.000300
127 | 0.001400
128 | 0.000300
129 | 0.000500
130 | 0.000300
131 | 0.000700
132 | 0.000300
133 | 0.000500
134 | 0.000200
135 | 0.000700
136 | 0.000300
137 | 0.000600
138 | 0.000200
139 | 0.000700
140 | 0.000300
141 | 0.000500
142 | 0.000500
143 | 0.001200
144 | 0.000300
145 | 0.000900
146 | 0.000400
147 | 0.000900
148 | 0.000500
149 | 0.000800
150 | 0.000400
151 | 0.001000
152 | 0.000300
153 | 0.000800
154 | 0.000600
155 | 0.000900
156 | 0.000300
157 | 0.000500
158 | 0.000300
159 | 0.001300
160 | 0.000300
161 | 0.000500
162 | 0.000400
163 | 0.000600
164 | 0.000300
165 | 0.000400
166 | 0.000200
167 | 0.000800
168 | 0.000300
169 | 0.000400
170 | 0.000200
171 | 0.000600
172 | 0.000300
173 | 0.000500
174 | 0.000200
175 | 0.000900
176 | 0.000300
177 | 0.000500
178 | 0.000200
179 | 0.000600
180 | 0.000200
181 | 0.000600
182 | 0.000300
183 | 0.000800
184 | 0.000300
185 | 0.000500
186 | 0.000200
187 | 0.000600
188 | 0.000300
189 | 0.000500
190 | 0.000200
191 | 0.001200
192 | 0.000200
193 | 0.000500
194 | 0.000300
195 | 0.000600
196 | 0.000300
197 | 0.000500
198 | 0.000300
199 | 0.000800
200 | 0.000600
201 | 0.001200
202 | 0.000400
203 | 0.001200
204 | 0.000300
205 | 0.000500
206 | 0.000300
207 | 0.001000
208 | 0.000300
209 | 0.000500
210 | 0.000300
211 | 0.000600
212 | 0.000300
213 | 0.000500
214 | 0.000200
215 | 0.000700
216 | 0.000300
217 | 0.000500
218 | 0.000300
219 | 0.000700
220 | 0.000200
221 | 0.000500
222 | 0.000300
223 | 0.001200
224 | 0.000200
225 | 0.000900
226 | 0.000300
227 | 0.000800
228 | 0.000300
229 | 0.000500
230 | 0.000300
231 | 0.001300
232 | 0.000500
233 | 0.000700
234 | 0.000400
235 | 0.001400
236 | 0.000500
237 | 0.000800
238 | 0.000500
239 | 0.001200
240 | 0.000300
241 | 0.000600
242 | 0.000300
243 | 0.000800
244 | 0.000300
245 | 0.000600
246 | 0.000300
247 | 0.000800
248 | 0.000300
249 | 0.000400
250 | 0.000300
251 | 0.000800
252 | 0.000500
253 | 0.000800
254 | 0.000500
255 | 0.002100
256 | 0.000500
257 | 0.000800
258 | 0.000400
259 | 0.000700
260 | 0.000700
261 | 0.001000
262 | 0.000900
263 | 0.001200
264 | 0.000400
265 | 0.000600
266 | 0.000300
267 | 0.000800
268 | 0.000300
269 | 0.000600
270 | 0.000200
271 | 0.000900
272 | 0.000200
273 | 0.000500
274 | 0.000300
275 | 0.000600
276 | 0.000300
277 | 0.000500
278 | 0.000300
279 | 0.000700
280 | 0.000200
281 | 0.000400
282 | 0.000300
283 | 0.000700
284 | 0.000300
285 | 0.000500
286 | 0.000300
287 | 0.001400
288 | 0.000400
289 | 0.000500
290 | 0.000300
291 | 0.000700
292 | 0.000300
293 | 0.000500
294 | 0.000300
295 | 0.000800
296 | 0.000200
297 | 0.000500
298 | 0.000300
299 | 0.000600
300 | 0.000400
301 | 0.000700
302 | 0.000600
303 | 0.001200
304 | 0.000600
305 | 0.000700
306 | 0.000400
307 | 0.001100
308 | 0.000300
309 | 0.000500
310 | 0.000400
311 | 0.000800
312 | 0.000300
313 | 0.000800
314 | 0.000300
315 | 0.000700
316 | 0.000300
317 | 0.000500
318 | 0.000400
319 | 0.001400
320 | 0.000300
321 | 0.000700
322 | 0.000300
323 | 0.001100
324 | 0.000300
325 | 0.000500
326 | 0.000300
327 | 0.000800
328 | 0.000300
329 | 0.000400
330 | 0.000300
331 | 0.000600
332 | 0.000300
333 | 0.000400
334 | 0.000300
335 | 0.001000
336 | 0.000300
337 | 0.000500
338 | 0.000300
339 | 0.001200
340 | 0.000400
341 | 0.000600
342 | 0.000400
343 | 0.001100
344 | 0.000400
345 | 0.000500
346 | 0.000300
347 | 0.000600
348 | 0.000300
349 | 0.000500
350 | 0.000300
351 | 0.001300
352 | 0.000300
353 | 0.000500
354 | 0.000300
355 | 0.000600
356 | 0.000300
357 | 0.000500
358 | 0.000300
359 | 0.000900
360 | 0.000300
361 | 0.000500
362 | 0.000300
363 | 0.000700
364 | 0.000300
365 | 0.000900
366 | 0.000300
367 | 0.001200
368 | 0.000300
369 | 0.000900
370 | 0.000500
371 | 0.001000
372 | 0.000400
373 | 0.000800
374 | 0.000500
375 | 0.001300
376 | 0.000400
377 | 0.000600
378 | 0.000300
379 | 0.000600
380 | 0.000300
381 | 0.000500
382 | 0.000300
383 | 0.001800
384 | 0.000300
385 | 0.000600
386 | 0.000600
387 | 0.001100
388 | 0.000700
389 | 0.000800
390 | 0.000600
391 | 0.001700
392 | 0.000600
393 | 0.050600
394 | 0.000900
395 | 0.001100
396 | 0.000400
397 | 0.000600
398 | 0.000300
399 | 0.001200
400 | 0.000400
401 | 0.000500
402 | 0.000300
403 | 0.000700
404 | 0.000200
405 | 0.000500
406 | 0.000200
407 | 0.000900
408 | 0.000300
409 | 0.000500
410 | 0.000200
411 | 0.000600
412 | 0.000300
413 | 0.000500
414 | 0.000300
415 | 0.001100
416 | 0.000300
417 | 0.000500
418 | 0.000300
419 | 0.000500
420 | 0.000300
421 | 0.000500
422 | 0.000200
423 | 0.000900
424 | 0.000500
425 | 0.000600
426 | 0.000300
427 | 0.001100
428 | 0.000400
429 | 0.000900
430 | 0.000700
431 | 0.001300
432 | 0.000500
433 | 0.000900
434 | 0.000300
435 | 0.000700
436 | 0.000300
437 | 0.000400
438 | 0.000300
439 | 0.000800
440 | 0.000200
441 | 0.000600
442 | 0.000300
443 | 0.000600
444 | 0.000300
445 | 0.000400
446 | 0.000300
447 | 0.001400
448 | 0.000300
449 | 0.000500
450 | 0.000200
451 | 0.000600
452 | 0.000300
453 | 0.000400
454 | 0.000500
455 | 0.001100
456 | 0.000300
457 | 0.000900
458 | 0.000300
459 | 0.000700
460 | 0.000300
461 | 0.000500
462 | 0.000200
463 | 0.001000
464 | 0.000300
465 | 0.000400
466 | 0.000300
467 | 0.000600
468 | 0.000200
469 | 0.000500
470 | 0.000200
471 | 0.000700
472 | 0.000300
473 | 0.000500
474 | 0.000200
475 | 0.000600
476 | 0.000300
477 | 0.000500
478 | 0.000200
479 | 0.001200
480 | 0.000200
481 | 0.000500
482 | 0.000200
483 | 0.000700
484 | 0.000200
485 | 0.000500
486 | 0.000300
487 | 0.001000
488 | 0.000500
489 | 0.000700
490 | 0.000500
491 | 0.001600
492 | 0.000500
493 | 0.000800
494 | 0.000300
495 | 0.001100
496 | 0.000300
497 | 0.000400
498 | 0.000200
499 | 0.000600
500 | 0.000200
501 | 0.000500
502 | 0.000200
503 | 0.000900
504 | 0.000500
505 | 0.001300
506 | 0.000600
507 | 0.001000
508 | 0.000500
509 | 0.001200
510 | 0.001500
511 | 0.003800
512 | 0.000600
513 | 0.000600
514 | 0.000300
515 | 0.000700
516 | 0.000300
517 | 0.000400
518 | 0.000300
519 | 0.000900
520 | 0.000200
521 | 0.000600
522 | 0.000400
523 | 0.000600
524 | 0.000200
525 | 0.000500
526 | 0.000300
527 | 0.000900
528 | 0.000300
529 | 0.000400
530 | 0.000200
531 | 0.000600
532 | 0.000300
533 | 0.000500
534 | 0.000200
535 | 0.000900
536 | 0.000400
537 | 0.000600
538 | 0.000300
539 | 0.000700
540 | 0.000500
541 | 0.000700
542 | 0.000300
543 | 0.001500
544 | 0.000300
545 | 0.000500
546 | 0.000300
547 | 0.000700
548 | 0.000200
549 | 0.000500
550 | 0.000400
551 | 0.000800
552 | 0.000200
553 | 0.000900
554 | 0.000500
555 | 0.000800
556 | 0.000200
557 | 0.000500
558 | 0.000200
559 | 0.001400
560 | 0.000300
561 | 0.000500
562 | 0.000300
563 | 0.000600
564 | 0.000300
565 | 0.000600
566 | 0.000200
567 | 0.000800
568 | 0.000200
569 | 0.000700
570 | 0.000300
571 | 0.000700
572 | 0.000300
573 | 0.000400
574 | 0.000200
575 | 0.001300
576 | 0.000300
577 | 0.000500
578 | 0.000300
579 | 0.000700
580 | 0.000300
581 | 0.000500
582 | 0.000300
583 | 0.000800
584 | 0.000300
585 | 0.000500
586 | 0.000500
587 | 0.000700
588 | 0.000200
589 | 0.000400
590 | 0.000300
591 | 0.001300
592 | 0.000500
593 | 0.000600
594 | 0.000500
595 | 0.000800
596 | 0.000500
597 | 0.000900
598 | 0.000500
599 | 0.001100
600 | 0.000400
601 | 0.000600
602 | 0.000300
603 | 0.000800
604 | 0.000300
605 | 0.000500
606 | 0.000300
607 | 0.001100
608 | 0.000500
609 | 0.000800
610 | 0.000500
611 | 0.001000
612 | 0.000500
613 | 0.000800
614 | 0.000500
615 | 0.002000
616 | 0.000500
617 | 0.001300
618 | 0.000600
619 | 0.001000
620 | 0.000300
621 | 0.000500
622 | 0.000200
623 | 0.001100
624 | 0.000200
625 | 0.000500
626 | 0.000300
627 | 0.000600
628 | 0.000300
629 | 0.000400
630 | 0.000200
631 | 0.000900
632 | 0.000300
633 | 0.000600
634 | 0.000300
635 | 0.000700
636 | 0.000300
637 | 0.000500
638 | 0.000200
639 | 0.003500
640 | 0.000700
641 | 0.000700
642 | 0.000200
643 | 0.000700
644 | 0.000400
645 | 0.000800
646 | 0.000300
647 | 0.001200
648 | 0.000400
649 | 0.000800
650 | 0.001100
651 | 0.000800
652 | 0.000300
653 | 0.000500
654 | 0.000300
655 | 0.001100
656 | 0.000300
657 | 0.000500
658 | 0.000300
659 | 0.000600
660 | 0.000300
661 | 0.000400
662 | 0.000300
663 | 0.001000
664 | 0.000300
665 | 0.000500
666 | 0.000200
667 | 0.000600
668 | 0.000200
669 | 0.000400
670 | 0.000300
671 | 0.001300
672 | 0.000300
673 | 0.000500
674 | 0.000300
675 | 0.000600
676 | 0.000300
677 | 0.000400
678 | 0.000300
679 | 0.001000
680 | 0.000300
681 | 0.000600
682 | 0.000300
683 | 0.000600
684 | 0.000200
685 | 0.000500
686 | 0.000200
687 | 0.001700
688 | 0.000400
689 | 0.000800
690 | 0.000300
691 | 0.001100
692 | 0.000400
693 | 0.000600
694 | 0.000400
695 | 0.001000
696 | 0.000700
697 | 0.000800
698 | 0.001000
699 | 0.001100
700 | 0.000300
701 | 0.000500
702 | 0.000300
703 | 0.001700
704 | 0.000300
705 | 0.000600
706 | 0.000300
707 | 0.000700
708 | 0.000200
709 | 0.000500
710 | 0.000200
711 | 0.000900
712 | 0.000300
713 | 0.000600
714 | 0.000300
715 | 0.000900
716 | 0.000300
717 | 0.000500
718 | 0.000300
719 | 0.001100
720 | 0.000400
721 | 0.000500
722 | 0.000300
723 | 0.000600
724 | 0.000200
725 | 0.000400
726 | 0.000400
727 | 0.001000
728 | 0.000300
729 | 0.000500
730 | 0.000300
731 | 0.000600
732 | 0.000300
733 | 0.000500
734 | 0.000300
735 | 0.001200
736 | 0.000300
737 | 0.000600
738 | 0.000300
739 | 0.001100
740 | 0.000400
741 | 0.000800
742 | 0.000500
743 | 0.001200
744 | 0.000400
745 | 0.000700
746 | 0.000400
747 | 0.000700
748 | 0.000300
749 | 0.000500
750 | 0.000300
751 | 0.001000
752 | 0.000300
753 | 0.000400
754 | 0.000300
755 | 0.000700
756 | 0.000300
757 | 0.000500
758 | 0.000300
759 | 0.001400
760 | 0.000300
761 | 0.000500
762 | 0.000300
763 | 0.000700
764 | 0.000300
765 | 0.000600
766 | 0.000300
767 | 0.002300
768 | 0.000400
769 | 0.000600
770 | 0.000300
771 | 0.000800
772 | 0.000300
773 | 0.000500
774 | 0.000300
775 | 0.001000
776 | 0.000400
777 | 0.000900
778 | 0.000300
779 | 0.000700
780 | 0.000200
781 | 0.000500
782 | 0.000200
783 | 0.001200
784 | 0.000300
785 | 0.000800
786 | 0.000500
787 | 0.001000
788 | 0.000300
789 | 0.000700
790 | 0.000300
791 | 0.002000
792 | 0.000900
793 | 0.000700
794 | 0.000200
795 | 0.000700
796 | 0.000300
797 | 0.000500
798 | 0.000300
799 | 0.001200
800 | 0.000300
801 | 0.000500
802 | 0.000300
803 | 0.000700
804 | 0.000300
805 | 0.000500
806 | 0.000300
807 | 0.001100
808 | 0.000400
809 | 0.000400
810 | 0.000200
811 | 0.000700
812 | 0.000200
813 | 0.000500
814 | 0.000400
815 | 0.001100
816 | 0.000300
817 | 0.000500
818 | 0.000300
819 | 0.000600
820 | 0.000600
821 | 0.000900
822 | 0.000300
823 | 0.001100
824 | 0.000300
825 | 0.000500
826 | 0.000300
827 | 0.000900
828 | 0.000300
829 | 0.000500
830 | 0.000400
831 | 0.002000
832 | 0.000500
833 | 0.000600
834 | 0.000300
835 | 0.002200
836 | 0.000500
837 | 0.000700
838 | 0.000400
839 | 0.001000
840 | 0.000400
841 | 0.000500
842 | 0.000300
843 | 0.000700
844 | 0.000300
845 | 0.000600
846 | 0.000300
847 | 0.001100
848 | 0.000400
849 | 0.000500
850 | 0.000300
851 | 0.000900
852 | 0.000300
853 | 0.000600
854 | 0.000300
855 | 0.000900
856 | 0.000300
857 | 0.000500
858 | 0.000300
859 | 0.000700
860 | 0.000200
861 | 0.000500
862 | 0.000200
863 | 0.001100
864 | 0.000300
865 | 0.000500
866 | 0.000300
867 | 0.000600
868 | 0.000300
869 | 0.000600
870 | 0.000400
871 | 0.006500
872 | 0.000600
873 | 0.000600
874 | 0.000400
875 | 0.000800
876 | 0.000300
877 | 0.000500
878 | 0.000300
879 | 0.001000
880 | 0.000300
881 | 0.000500
882 | 0.000300
883 | 0.000600
884 | 0.000300
885 | 0.000600
886 | 0.000500
887 | 0.001000
888 | 0.000300
889 | 0.000500
890 | 0.000200
891 | 0.000600
892 | 0.000300
893 | 0.000800
894 | 0.000300
895 | 0.001800
896 | 0.000200
897 | 0.000500
898 | 0.000600
899 | 0.001300
900 | 0.000300
901 | 0.000700
902 | 0.000300
903 | 0.000900
904 | 0.000200
905 | 0.000500
906 | 0.000300
907 | 0.000600
908 | 0.000200
909 | 0.000400
910 | 0.000300
911 | 0.001000
912 | 0.000500
913 | 0.000500
914 | 0.000200
915 | 0.000900
916 | 0.000500
917 | 0.000700
918 | 0.000500
919 | 0.002100
920 | 0.000500
921 | 0.000500
922 | 0.000200
923 | 0.000600
924 | 0.000300
925 | 0.000500
926 | 0.000300
927 | 0.001100
928 | 0.000200
929 | 0.000400
930 | 0.000300
931 | 0.000600
932 | 0.000300
933 | 0.000600
934 | 0.000600
935 | 0.000900
936 | 0.000400
937 | 0.000400
938 | 0.000300
939 | 0.000600
940 | 0.000200
941 | 0.000500
942 | 0.000300
943 | 0.001000
944 | 0.000300
945 | 0.000500
946 | 0.000300
947 | 0.000700
948 | 0.000300
949 | 0.000700
950 | 0.000400
951 | 0.001200
952 | 0.000300
953 | 0.000700
954 | 0.000300
955 | 0.000900
956 | 0.000500
957 | 0.000700
958 | 0.000300
959 | 0.001400
960 | 0.000300
961 | 0.000500
962 | 0.000300
963 | 0.000700
964 | 0.000300
965 | 0.000500
966 | 0.000300
967 | 0.003000
968 | 0.000300
969 | 0.000500
970 | 0.000200
971 | 0.000700
972 | 0.000300
973 | 0.000500
974 | 0.000300
975 | 0.001000
976 | 0.000300
977 | 0.000800
978 | 0.000600
979 | 0.001000
980 | 0.000300
981 | 0.000600
982 | 0.000300
983 | 0.000800
984 | 0.000300
985 | 0.000600
986 | 0.000300
987 | 0.000700
988 | 0.000300
989 | 0.000500
990 | 0.000300
1 | 0.000600
2 | 0.000200
2 | 0.000200
4 | 0.000200
3 | 0.000300
3 | 0.000700
2 | 0.000300
0 | 0.000200
0 | 0.000300
0 | 0.000400
1 | 0.000800
0 | 0.000300
1 | 0.000600
0 | 0.000200
1 | 0.000600
2 | 0.000300
3 | 0.000600
4 | 0.000200
2 | 0.000300
2 | 0.000300
3 | 0.000800
4 | 0.000600
5 | 0.000200
6 | 0.000500
8 | 0.000200
9 | 0.000700
9 | 0.000900
10 | 0.000200
8 | 0.000400
10 | 0.000200
11 | 0.001100
12 | 0.000600
12 | 0.000700
14 | 0.000300
11 | 0.000600
11 | 0.000300
12 | 0.000500
12 | 0.000400
13 | 0.000300
10 | 0.000500
9 | 0.000800
11 | 0.000400
12 | 0.000900
13 | 0.000600
14 | 0.001100
15 | 0.000500
16 | 0.000800
16 | 0.000300
16 | 0.000200
18 | 0.001200
19 | 0.000500
20 | 0.000300
21 | 0.001000
22 | 0.000400
23 | 0.000900
25 | 0.001100
25 | 0.000600
26 | 0.000200
26 | 0.000300
27 | 0.000500
27 | 0.000300
28 | 0.004900
27 | 0.000200
29 | 0.000600
26 | 0.000500
26 | 0.000400
29 | 0.000200
30 | 0.000600
29 | 0.000300
29 | 0.000200
30 | 0.000600
30 | 0.001000
31 | 0.000500
27 | 0.001100
24 | 0.000200
25 | 0.000500
24 | 0.000300
25 | 0.000800
26 | 0.000300
27 | 0.000500
28 | 0.000900
29 | 0.000300
26 | 0.000800
28 | 0.000300
29 | 0.000300
30 | 0.000400
32 | 0.000500
33 | 0.000300
34 | 0.000600
37 | 0.000300
34 | 0.000200
35 | 0.000700
36 | 0.000500
35 | 0.000300
36 | 0.000600
36 | 0.000500
30 | 0.000700
29 | 0.000400
30 | 0.000200
28 | 0.000500
29 | 0.000600
27 | 0.000700
24 | 0.000300
25 | 0.001200
26 | 0.000600
27 | 0.005600
23 | 0.000200
22 | 0.000200
24 | 0.000900
23 | 0.000300
21 | 0.000300
22 | 0.001000
23 | 0.000200
24 | 0.000500
19 | 0.000300
20 | 0.000600
20 | 0.000300
20 | 0.000300
21 | 0.000800
22 | 0.000500
23 | 0.001000
21 | 0.000800
18 | 0.000900
9 | 0.000300
11 | 0.000800
12 | 0.000200
13 | 0.000400
14 | 0.000300
16 | 0.000600
17 | 0.000200
18 | 0.000400
18 | 0.000500
15 | 0.000300
14 | 0.000500
15 | 0.000300
16 | 0.000900
18 | 0.000300
18 | 0.000300
19 | 0.000600
22 | 0.000600
23 | 0.000900
24 | 0.000300
25 | 0.000400
27 | 0.000300
26 | 0.000500
27 | 0.000700
28 | 0.000300
28 | 0.000400
30 | 0.000200
27 | 0.000300
27 | 0.000300
27 | 0.000200
16 | 0.000400
15 | 0.000500
17 | 0.000700
18 | 0.000600
19 | 0.001000
13 | 0.000800
13 | 0.000800
15 | 0.000300
17 | 0.000500
16 | 0.000300
17 | 0.000900
19 | 0.001100
20 | 0.000200
20 | 0.001000
23 | 0.000200
22 | 0.000200
23 | 0.000900
23 | 0.000800
24 | 0.001000
26 | 0.000400
25 | 0.000400
28 | 0.000900
26 | 0.000300
27 | 0.001000
28 | 0.000400
27 | 0.000200
28 | 0.000600
29 | 0.000300
30 | 0.000700
31 | 0.000300
30 | 0.000300
29 | 0.000600
30 | 0.000300
32 | 0.000200
32 | 0.000400
30 | 0.000500
31 | 0.000400
32 | 0.000600
32 | 0.000300
31 | 0.000300
32 | 0.001200
33 | 0.000200
34 | 0.000400
31 | 0.000300
30 | 0.000300
30 | 0.000300
31 | 0.000500
32 | 0.000400
33 | 0.000900
34 | 0.000300
35 | 0.000600
37 | 0.000500
39 | 0.000900
38 | 0.000700
38 | 0.000300
37 | 0.000200
39 | 0.000500
35 | 0.000700
31 | 0.001100
31 | 0.001000
32 | 0.001000
33 | 0.000200
34 | 0.000200
35 | 0.000600
35 | 0.000300
34 | 0.000200
33 | 0.000500
33 | 0.000200
34 | 0.000700
35 | 0.000600
36 | 0.000300
35 | 0.000500
35 | 0.000400
33 | 0.000400
33 | 0.000200
31 | 0.000400
31 | 0.000400
32 | 0.000700
35 | 0.000300
36 | 0.000800
33 | 0.000600
34 | 0.000500
34 | 0.000400
34 | 0.001000
35 | 0.000700
32 | 0.000300
33 | 0.001000
34 | 0.000800
36 | 0.000200
36 | 0.000600
37 | 0.000300
36 | 0.000500
34 | 0.000200
33 | 0.000200
39 | 0.000500
39 | 0.000300
39 | 0.001000
40 | 0.000400
39 | 0.000300
40 | 0.000700
41 | 0.000300
42 | 0.000800
43 | 0.000200
44 | 0.000800
42 | 0.000300
41 | 0.000200
42 | 0.000500
41 | 0.001000
41 | 0.000600
42 | 0.000300
41 | 0.001100
36 | 0.000400
36 | 0.000300
37 | 0.000300
32 | 0.000700
33 | 0.000500
34 | 0.000300
36 | 0.000600
30 | 0.000300
30 | 0.000400
32 | 0.000600
32 | 0.000300
34 | 0.000900
32 | 0.000300
35 | 0.001100
37 | 0.001200
37 | 0.000400
32 | 0.000400
34 | 0.000700
35 | 0.000300
34 | 0.000900
30 | 0.000300
32 | 0.000800
34 | 0.000600
35 | 0.000200
36 | 0.000900
36 | 0.000700
34 | 0.000700
37 | 0.000300
37 | 0.000300
38 | 0.001500
39 | 0.000300
39 | 0.000400
42 | 0.001300
41 | 0.000400
42 | 0.000800
43 | 0.000300
40 | 0.000500
40 | 0.001000
38 | 0.000400
39 | 0.000800
39 | 0.000600
41 | 0.002000
43 | 0.000600
40 | 0.000800
41 | 0.001400
42 | 0.000500
42 | 0.001000
37 | 0.001600
37 | 0.001200
38 | 0.000300
37 | 0.000500
40 | 0.000300
38 | 0.000500
39 | 0.001400
39 | 0.000300
39 | 0.000300
41 | 0.000900
42 | 0.000300
39 | 0.000400
25 | 0.000700
24 | 0.001400
25 | 0.000500
26 | 0.000900
26 | 0.000700
26 | 0.000500
19 | 0.001200
21 | 0.001000
22 | 0.000300
19 | 0.000300
20 | 0.000600
20 | 0.001000
20 | 0.000800
23 | 0.000600
24 | 0.000400
26 | 0.000400
27 | 0.000700
28 | 0.000300
29 | 0.000400
28 | 0.001000
29 | 0.000600
31 | 0.000300
31 | 0.000600
31 | 0.000200
32 | 0.001000
31 | 0.000400
32 | 0.000500
32 | 0.000500
33 | 0.000300
33 | 0.001000
32 | 0.000400
33 | 0.000600
31 | 0.000600
31 | 0.000200
32 | 0.001400
33 | 0.000300
34 | 0.000800
35 | 0.000400
36 | 0.000400
39 | 0.000400
39 | 0.001100
38 | 0.000800
37 | 0.000300
37 | 0.001100
37 | 0.000300
34 | 0.000400
34 | 0.000300
34 | 0.001000
35 | 0.000300
30 | 0.000300
26 | 0.001000
27 | 0.000300
27 | 0.000600
28 | 0.000200
30 | 0.000600
29 | 0.000600
30 | 0.000900
27 | 0.000400
27 | 0.000400
28 | 0.000900
29 | 0.000300
30 | 0.000800
31 | 0.000600
26 | 0.000300
26 | 0.000400
23 | 0.000600
23 | 0.000300
23 | 0.000300
24 | 0.000400
21 | 0.001200
22 | 0.000200
23 | 0.000900
24 | 0.000500
25 | 0.000700
24 | 0.000500
24 | 0.000600
24 | 0.000500
25 | 0.000300
26 | 0.000600
28 | 0.001200
27 | 0.000700
28 | 0.000600
30 | 0.000400
31 | 0.000700
32 | 0.000300
33 | 0.000800
32 | 0.000400
33 | 0.000600
34 | 0.000200
34 | 0.000800
36 | 0.000200
37 | 0.000500
39 | 0.000600
36 | 0.000600
36 | 0.000500
34 | 0.000300
33 | 0.000600
33 | 0.000500
32 | 0.001100
33 | 0.000700
30 | 0.000800
31 | 0.000300
32 | 0.003600
33 | 0.000300
33 | 0.000300
33 | 0.000300
33 | 0.000500
35 | 0.000700
37 | 0.000600
34 | 0.000300
36 | 0.000600
37 | 0.001300
35 | 0.000600
35 | 0.000600
34 | 0.000600
35 | 0.000300
33 | 0.000500
34 | 0.000200
36 | 0.000400
38 | 0.001600
38 | 0.000500
40 | 0.000500
41 | 0.000500
39 | 0.000300
34 | 0.001000
28 | 0.000300
30 | 0.000300
32 | 0.000700
32 | 0.000500
32 | 0.000500
31 | 0.000400
26 | 0.000700
27 | 0.000300
28 | 0.000800
30 | 0.000500
32 | 0.000500
33 | 0.001000
32 | 0.000300
33 | 0.000400
35 | 0.000200
34 | 0.000300
34 | 0.000600
32 | 0.001000
32 | 0.000900
34 | 0.000500
36 | 0.000500
37 | 0.000500
36 | 0.000600
35 | 0.000800
36 | 0.000600
37 | 0.000200
35 | 0.000600
37 | 0.000300
34 | 0.000800
34 | 0.001100
34 | 0.001300
35 | 0.000500
34 | 0.000300
35 | 0.000500
34 | 0.000300
36 | 0.000600
37 | 0.000300
38 | 0.001200
37 | 0.000300
37 | 0.000200
36 | 0.000300
34 | 0.000500
36 | 0.000700
37 | 0.001100
34 | 0.000600
27 | 0.000700
28 | 0.000200
28 | 0.000300
29 | 0.001100
29 | 0.001100
29 | 0.000300
29 | 0.000300
29 | 0.000200
27 | 0.000300
30 | 0.000800
31 | 0.000200
32 | 0.001000
32 | 0.000500
34 | 0.000900
33 | 0.000300
32 | 0.001100
31 | 0.000400
32 | 0.000600
30 | 0.000600
31 | 0.000500
32 | 0.000300
33 | 0.000800
34 | 0.000200
34 | 0.000400
34 | 0.000700
35 | 0.000200
35 | 0.000700
36 | 0.000300
36 | 0.000500
38 | 0.000700
39 | 0.000300
37 | 0.000300
38 | 0.001300
40 | 0.000300
38 | 0.000200
39 | 0.000700
39 | 0.000300
40 | 0.000400
41 | 0.000200
42 | 0.000300
43 | 0.000500
46 | 0.001700
47 | 0.001000
46 | 0.000300
47 | 0.000300
47 | 0.000300
44 | 0.000400
45 | 0.000900
46 | 0.000200
47 | 0.000500
48 | 0.000800
51 | 0.000400
52 | 0.000800
52 | 0.000900
53 | 0.000300
54 | 0.000800
55 | 0.000200
55 | 0.001000
56 | 0.000300
57 | 0.000500
58 | 0.000200
59 | 0.000600
60 | 0.000200
61 | 0.000800
62 | 0.000400
62 | 0.000800
62 | 0.000300
63 | 0.000500
62 | 0.000700
63 | 0.000400
64 | 0.000700
63 | 0.000200
63 | 0.001300
67 | 0.000300
66 | 0.001100
64 | 0.000300
63 | 0.000500
59 | 0.001400
60 | 0.000400
61 | 0.001000
60 | 0.000700
64 | 0.000600
54 | 0.000500
51 | 0.000500
51 | 0.000300
52 | 0.000900
46 | 0.000600
47 | 0.000500
50 | 0.000700
52 | 0.001000
53 | 0.000400
45 | 0.000500
46 | 0.000600
45 | 0.000800
45 | 0.000600
45 | 0.000800
46 | 0.000400
45 | 0.000600
47 | 0.000700
48 | 0.000400
43 | 0.000300
44 | 0.000900
41 | 0.000400
39 | 0.000400
40 | 0.000900
37 | 0.000400
36 | 0.001600
36 | 0.000300
37 | 0.000600
40 | 0.000300
33 | 0.000400
34 | 0.000500
32 | 0.001500
32 | 0.000300
33 | 0.000300
34 | 0.000300
35 | 0.000500
33 | 0.000700
35 | 0.000700
30 | 0.001100
23 | 0.000600
26 | 0.001300
26 | 0.000300
25 | 0.000300
25 | 0.000600
20 | 0.000400
22 | 0.001500
23 | 0.000500
26 | 0.000400
28 | 0.000800
29 | 0.000800
30 | 0.000500
31 | 0.000800
29 | 0.000400
29 | 0.000300
30 | 0.000300
31 | 0.000500
31 | 0.000500
32 | 0.001300
31 | 0.000300
31 | 0.000600
31 | 0.001000
33 | 0.000300
30 | 0.000800
30 | 0.000800
31 | 0.000300
31 | 0.000500
31 | 0.000400
31 | 0.000600
32 | 0.000300
33 | 0.000700
35 | 0.000800
37 | 0.000500
35 | 0.000300
36 | 0.000600
30 | 0.000500
31 | 0.000200
31 | 0.000800
31 | 0.001000
32 | 0.000400
34 | 0.000500
35 | 0.001400
35 | 0.000400
35 | 0.000300
37 | 0.001200
38 | 0.000700
39 | 0.000900
40 | 0.000700
43 | 0.000200
41 | 0.000600
39 | 0.001100
40 | 0.000700
41 | 0.000800
41 | 0.000400
41 | 0.000800
39 | 0.000300
39 | 0.000400
38 | 0.001600
34 | 0.000900
35 | 0.000500
36 | 0.000400
36 | 0.001700
38 | 0.000400
38 | 0.000600
37 | 0.000600
37 | 0.000300
35 | 0.000800
36 | 0.000300
32 | 0.000500
33 | 0.001500
34 | 0.000300
36 | 0.000600
33 | 0.000400
36 | 0.001000
39 | 0.000300
40 | 0.000800
39 | 0.000500
40 | 0.000800
40 | 0.001400
41 | 0.000500
42 | 0.000900
42 | 0.000300
44 | 0.000600
45 | 0.000300
45 | 0.000600
41 | 0.000400
44 | 0.000700
45 | 0.000300
46 | 0.001300
47 | 0.001000
49 | 0.000300
49 | 0.000500
50 | 0.000600
51 | 0.000200
52 | 0.000300
47 | 0.000700
46 | 0.000900
44 | 0.000200
45 | 0.000600
42 | 0.000600
45 | 0.000500
46 | 0.000900
47 | 0.000300
48 | 0.000500
49 | 0.000700
50 | 0.000900
51 | 0.000300
53 | 0.000800
51 | 0.000300
51 | 0.000600
51 | 0.000500
53 | 0.000500
50 | 0.000900
51 | 0.000600
51 | 0.000500
53 | 0.000700
54 | 0.000300
50 | 0.000700
47 | 0.000600
51 | 0.000300
51 | 0.000700
52 | 0.000400
48 | 0.000300
44 | 0.000700
45 | 0.000200
43 | 0.000600
41 | 0.000300
42 | 0.000500
41 | 0.000600
42 | 0.000300
40 | 0.000500
33 | 0.000400
33 | 0.000300
37 | 0.000600
41 | 0.000800
40 | 0.000300
39 | 0.000500
40 | 0.000300
41 | 0.001000
41 | 0.000300
42 | 0.000500
40 | 0.000500
40 | 0.001100
41 | 0.000500
41 | 0.000300
40 | 0.000400
39 | 0.000500
38 | 0.001200
39 | 0.000400
40 | 0.000600
40 | 0.000400
41 | 0.001400
43 | 0.000400
43 | 0.001700
44 | 0.000500
46 | 0.001000
47 | 0.000300
47 | 0.000300
43 | 0.000300
44 | 0.000700
42 | 0.000400
43 | 0.000300
41 | 0.000600
42 | 0.001400
40 | 0.000300
41 | 0.000700
41 | 0.000800
40 | 0.000300
43 | 0.001100
41 | 0.000300
40 | 0.001200
39 | 0.000300
33 | 0.000500
36 | 0.000300
37 | 0.000500
40 | 0.000200
42 | 0.000300
44 | 0.000300
47 | 0.000900
48 | 0.000500
49 | 0.000600
48 | 0.000600
49 | 0.000300
43 | 0.000900
43 | 0.000200
45 | 0.000300
46 | 0.000900
47 | 0.000400
43 | 0.000400
45 | 0.000500
46 | 0.000600
47 | 0.000300
46 | 0.000300
48 | 0.000600
49 | 0.000200
45 | 0.001000
46 | 0.000500
44 | 0.000700
38 | 0.000400
38 | 0.000300
36 | 0.000200
37 | 0.000600
37 | 0.000300
37 | 0.000400
37 | 0.000300
37 | 0.000300
38 | 0.001300
36 | 0.000300
37 | 0.000600
38 | 0.000300
39 | 0.000300
38 | 0.000300
37 | 0.000300
38 | 0.002700
38 | 0.001400
39 | 0.000400
42 | 0.000500
40 | 0.001200
41 | 0.000200
42 | 0.000500
43 | 0.000200
42 | 0.000600
41 | 0.000700
41 | 0.000500
38 | 0.000300
39 | 0.000500
40 | 0.000300
38 | 0.000300
39 | 0.000500
41 | 0.000300
40 | 0.000500
41 | 0.002000
42 | 0.000400
42 | 0.000600
43 | 0.000900
44 | 0.000400
43 | 0.000300
38 | 0.000600
38 | 0.000200
40 | 0.000500
41 | 0.000300
42 | 0.001300
37 | 0.000600
39 | 0.000300
40 | 0.000800
40 | 0.000800
43 | 0.000400
44 | 0.000900
45 | 0.001000
46 | 0.000300
49 | 0.000300
50 | 0.000900
50 | 0.000800
54 | 0.000200
49 | 0.000400
51 | 0.000700
56 | 0.000300
57 | 0.001000
59 | 0.000800
60 | 0.000200
61 | 0.000900
62 | 0.000300
65 | 0.000600
66 | 0.000300
66 | 0.000300
67 | 0.000800
67 | 0.000500
66 | 0.000300
65 | 0.000300
66 | 0.000600
67 | 0.000300
67 | 0.000700
67 | 0.000200
66 | 0.000900
66 | 0.000400
66 | 0.000700
67 | 0.000300
68 | 0.000500
69 | 0.000200
70 | 0.000800
71 | 0.000200
72 | 0.000500
73 | 0.000700
74 | 0.000300
75 | 0.000400
76 | 0.001700
75 | 0.000400
73 | 0.000400
70 | 0.000900
71 | 0.000300
70 | 0.000400
71 | 0.000500
72 | 0.000300
72 | 0.000500
72 | 0.000300
70 | 0.001300
70 | 0.000200
70 | 0.001400
72 | 0.000400
67 | 0.000600
66 | 0.000900
68 | 0.000900
70 | 0.000500
71 | 0.001000
71 | 0.000500
72 | 0.000300
73 | 0.000900
75 | 0.000200
73 | 0.000300
75 | 0.000300
74 | 0.001100
75 | 0.000200
76 | 0.000400
76 | 0.000400
77 | 0.000300
78 | 0.000900
80 | 0.000500
81 | 0.000600
80 | 0.000900
80 | 0.000400
80 | 0.000300
80 | 0.000700
80 | 0.000200
80 | 0.000300
80 | 0.000900
84 | 0.000300
86 | 0.000500
83 | 0.000500
82 | 0.001400
83 | 0.000400
84 | 0.000500
85 | 0.000200
86 | 0.000700
86 | 0.000800
87 | 0.000300
87 | 0.000300
83 | 0.000500
84 | 0.000800
83 | 0.000300
84 | 0.000500
85 | 0.000300
82 | 0.000300
86 | 0.000700
86 | 0.000500
88 | 0.000300
90 | 0.000400
92 | 0.000300
91 | 0.000900
92 | 0.000300
91 | 0.000500
90 | 0.000300
91 | 0.000500
92 | 0.000200
93 | 0.001000
91 | 0.000400
92 | 0.000300
93 | 0.000600
93 | 0.000300
93 | 0.000500
90 | 0.001100
94 | 0.000300
86 | 0.000300
84 | 0.000400
83 | 0.001000
83 | 0.000300
82 | 0.000800
83 | 0.000300
84 | 0.000500
85 | 0.000400
83 | 0.000300
85 | 0.000400
86 | 0.001100
91 | 0.000200
91 | 0.000400
92 | 0.000600
89 | 0.000300
86 | 0.000300
85 | 0.000800
85 | 0.000600
85 | 0.001100
86 | 0.000400
86 | 0.000300
82 | 0.001000
82 | 0.000800
83 | 0.000900
80 | 0.000900
81 | 0.000900
80 | 0.000700
79 | 0.000200
80 | 0.000700
80 | 0.000300
81 | 0.000400
81 | 0.000400
81 | 0.000500
82 | 0.000300
84 | 0.000300
85 | 0.000700
85 | 0.000800
85 | 0.000600
87 | 0.000600
85 | 0.000300
82 | 0.000500
81 | 0.000200
84 | 0.000800
85 | 0.000700
86 | 0.001200
84 | 0.000300
85 | 0.000300
87 | 0.000300
88 | 0.001000
85 | 0.001100
85 | 0.001600
88 | 0.000400
90 | 0.000500
90 | 0.000600
91 | 0.000500
88 | 0.000400
87 | 0.000300
87 | 0.000500
88 | 0.001000
89 | 0.000300
85 | 0.000600
86 | 0.000600
86 | 0.000900
84 | 0.000700
84 | 0.000700
84 | 0.000200
85 | 0.000500
84 | 0.001000
85 | 0.000400
85 | 0.000600
87 | 0.000300
89 | 0.000300
90 | 0.000800
91 | 0.000400
92 | 0.000800
93 | 0.000400
91 | 0.000300
91 | 0.000300
88 | 0.000300
92 | 0.000800
93 | 0.000300
94 | 0.000500
95 | 0.000200
97 | 0.002000
96 | 0.000500
97 | 0.000700
98 | 0.000900
99 | 0.000300
100 | 0.000500
97 | 0.000500
98 | 0.000200
98 | 0.000200
90 | 0.000300
87 | 0.001100
88 | 0.000200
87 | 0.001100
88 | 0.000500
88 | 0.000400
89 | 0.000300
90 | 0.000600
87 | 0.000500
85 | 0.001500
84 | 0.001300
85 | 0.001200
82 | 0.000400
83 | 0.000200
85 | 0.001200
87 | 0.000400
83 | 0.000300
83 | 0.000300
83 | 0.001800
84 | 0.000600
87 | 0.001100
88 | 0.000300
88 | 0.000800
89 | 0.000600
90 | 0.000200
88 | 0.000600
88 | 0.000400
91 | 0.000200
90 | 0.001600
90 | 0.000300
90 | 0.000600
87 | 0.000300
87 | 0.000300
87 | 0.001000
88 | 0.000400
87 | 0.000500
90 | 0.001000
91 | 0.001100
91 | 0.001400
92 | 0.000200
92 | 0.000200
92 | 0.000200
90 | 0.001400
85 | 0.000300
86 | 0.001000
88 | 0.001000
90 | 0.000700
89 | 0.001100
88 | 0.000500
89 | 0.000200
90 | 0.000800
90 | 0.000300
90 | 0.000800
90 | 0.000500
91 | 0.000300
93 | 0.000600
93 | 0.000600
94 | 0.000200
95 | 0.000300
96 | 0.000300
96 | 0.000500
95 | 0.000200
94 | 0.000800
94 | 0.000600
94 | 0.000600
94 | 0.000300
89 | 0.000400
90 | 0.000600
89 | 0.000700
91 | 0.000200
88 | 0.000700
92 | 0.000400
93 | 0.001600
95 | 0.001300
96 | 0.000200
96 | 0.001000
96 | 0.000300
97 | 0.000300
96 | 0.000400
97 | 0.001100
96 | 0.001200
89 | 0.000400
91 | 0.001300
90 | 0.000500
90 | 0.001100
89 | 0.000700
89 | 0.000600
87 | 0.000500
83 | 0.000600
84 | 0.000300
82 | 0.000300
82 | 0.000300
82 | 0.000300
77 | 0.000700
78 | 0.000300
80 | 0.000400
79 | 0.001500
82 | 0.000400
83 | 0.000900
83 | 0.001200
85 | 0.000500
86 | 0.000800
87 | 0.000300
88 | 0.000500
88 | 0.000500
89 | 0.000300
86 | 0.000700
88 | 0.001000
87 | 0.000900
88 | 0.000700
88 | 0.001200
87 | 0.000400
87 | 0.001200
88 | 0.000400
89 | 0.000700
87 | 0.000300
87 | 0.000500
88 | 0.000400
89 | 0.000300
90 | 0.001000
91 | 0.000200
91 | 0.000300
91 | 0.000300
91 | 0.000500
92 | 0.000800
93 | 0.000500
92 | 0.001500
92 | 0.000300
91 | 0.000500
93 | 0.000600
87 | 0.000400
88 | 0.000800
90 | 0.000300
92 | 0.000900
91 | 0.000700
92 | 0.000200
93 | 0.000500
92 | 0.000300
93 | 0.000500
92 | 0.000300
93 | 0.000800
94 | 0.000400
95 | 0.000800
96 | 0.000300
95 | 0.001400
89 | 0.000300
87 | 0.000500
86 | 0.000200
86 | 0.000300
89 | 0.001000
89 | 0.000300
90 | 0.001000
92 | 0.000300
95 | 0.000600
96 | 0.000300
95 | 0.000400
96 | 0.000700
93 | 0.000500
94 | 0.000700
93 | 0.001000
93 | 0.001000
94 | 0.000500
95 | 0.000700
96 | 0.000300
96 | 0.000300
97 | 0.000600
96 | 0.000600
97 | 0.000300
94 | 0.000500
93 | 0.000300
93 | 0.000800
94 | 0.000600
92 | 0.000300
90 | 0.000700
91 | 0.000600
92 | 0.000500
93 | 0.001500
92 | 0.000500
90 | 0.000400
88 | 0.000200
90 | 0.000900
92 | 0.000300
94 | 0.000800
95 | 0.000300
94 | 0.000300
95 | 0.000800
96 | 0.000300
95 | 0.000300
99 | 0.000800
100 | 0.000400
100 | 0.000500
101 | 0.001000
100 | 0.000300
91 | 0.001100
92 | 0.001100
93 | 0.000200
92 | 0.001300
91 | 0.000400
92 | 0.001900
92 | 0.000600
93 | 0.000600
93 | 0.000200
93 | 0.000300
93 | 0.000300
94 | 0.000500
96 | 0.000500
94 | 0.000800
95 | 0.000400
95 | 0.000400
93 | 0.000700
94 | 0.000400
91 | 0.000300
92 | 0.001100
92 | 0.000500
91 | 0.001000
91 | 0.000600
94 | 0.000300
91 | 0.000300
87 | 0.000600
88 | 0.000200
89 | 0.000500
87 | 0.000700
88 | 0.000200
89 | 0.000300
89 | 0.000500
89 | 0.000500
89 | 0.002300
90 | 0.000400
91 | 0.000600
90 | 0.000300
91 | 0.000600
93 | 0.000200
91 | 0.000600
90 | 0.000300
89 | 0.000500
86 | 0.001100
87 | 0.000700
86 | 0.000900
85 | 0.000300
82 | 0.000400
83 | 0.000300
85 | 0.000800
86 | 0.001000
85 | 0.000800
86 | 0.000300
84 | 0.001600
85 | 0.000500
85 | 0.000600
84 | 0.000400
84 | 0.000300
84 | 0.000600
86 | 0.000700
87 | 0.000300
86 | 0.000400
87 | 0.001100
82 | 0.000800
83 | 0.000600
84 | 0.000700
85 | 0.000300
74 | 0.000600
76 | 0.000300
74 | 0.000800
75 | 0.000400
71 | 0.001000
72 | 0.000300
69 | 0.001200
71 | 0.000300
73 | 0.000300
75 | 0.000500
77 | 0.000200
78 | 0.000800
79 | 0.000300
75 | 0.000500
74 | 0.000300
74 | 0.000600
73 | 0.000400
74 | 0.000500
74 | 0.001400
75 | 0.000200
76 | 0.000500
77 | 0.000300
79 | 0.000600
80 | 0.000400
81 | 0.000800
82 | 0.000400
83 | 0.001400
84 | 0.001800
85 | 0.000400
86 | 0.000600
87 | 0.000400
87 | 0.000300
87 | 0.000600
89 | 0.000200
90 | 0.000500
90 | 0.000200
87 | 0.000600
85 | 0.000200
86 | 0.000700
83 | 0.000700
83 | 0.001000
83 | 0.000300
83 | 0.000200
82 | 0.000600
83 | 0.000300
82 | 0.000300
82 | 0.000300
83 | 0.000800
80 | 0.000700
82 | 0.000300
78 | 0.000600
79 | 0.000600
77 | 0.000500
78 | 0.000200
80 | 0.000700
81 | 0.000200
81 | 0.000600
82 | 0.000300
81 | 0.000200
78 | 0.000500
75 | 0.000900
77 | 0.000900
77 | 0.001200
78 | 0.000400
79 | 0.000700
78 | 0.000500
80 | 0.000600
80 | 0.001000
80 | 0.000900
81 | 0.000400
81 | 0.000500
76 | 0.000300
77 | 0.001000
77 | 0.000400
79 | 0.000300
81 | 0.000300
82 | 0.000600
83 | 0.000300
82 | 0.000400
82 | 0.000400
79 | 0.000600
79 | 0.001100
76 | 0.000500
74 | 0.000400
71 | 0.000300
72 | 0.000700
71 | 0.000500
73 | 0.000500
74 | 0.000300
75 | 0.000700
76 | 0.000300
76 | 0.000200
77 | 0.000300
76 | 0.000400
71 | 0.001400
70 | 0.001000
71 | 0.000400
71 | 0.000900
72 | 0.001000
71 | 0.000400
71 | 0.000500
72 | 0.000200
72 | 0.000600
71 | 0.000300
70 | 0.000200
66 | 0.000700
66 | 0.000500
67 | 0.000500
64 | 0.000300
65 | 0.000600
65 | 0.000700
66 | 0.000400
68 | 0.000500
69 | 0.000500
68 | 0.000500
69 | 0.000300
69 | 0.001000
69 | 0.000300
69 | 0.000300
69 | 0.000400
71 | 0.001000
71 | 0.000900
72 | 0.001100
71 | 0.000400
72 | 0.001100
70 | 0.000200
70 | 0.001000
70 | 0.000800
71 | 0.000200
74 | 0.000600
70 | 0.000700
66 | 0.000400
68 | 0.000700
69 | 0.000300
70 | 0.000800
69 | 0.000300
69 | 0.000300
64 | 0.000500
66 | 0.000700
65 | 0.000300
65 | 0.001100
64 | 0.000200
62 | 0.001000
62 | 0.000200
59 | 0.000700
59 | 0.000500
61 | 0.000700
62 | 0.000300
61 | 0.001000
61 | 0.000300
62 | 0.001000
59 | 0.000500
58 | 0.000400
59 | 0.000600
58 | 0.000800
55 | 0.000800
59 | 0.000200
57 | 0.000900
58 | 0.000500
59 | 0.001500
59 | 0.000400
55 | 0.001000
54 | 0.001000
55 | 0.000300
52 | 0.000400
54 | 0.001200
55 | 0.001200
53 | 0.000300
55 | 0.001200
58 | 0.000800
58 | 0.000300
59 | 0.000700
58 | 0.000400
59 | 0.001000
61 | 0.000400
61 | 0.000300
57 | 0.000400
56 | 0.001500
57 | 0.000400
56 | 0.000400
57 | 0.001300
56 | 0.000300
56 | 0.000300
57 | 0.001000
59 | 0.000600
61 | 0.000600
62 | 0.000300
64 | 0.000700
64 | 0.000400
64 | 0.000300
64 | 0.000400
65 | 0.000600
65 | 0.000500
63 | 0.000300
64 | 0.001000
63 | 0.001500
62 | 0.001100
59 | 0.000300
61 | 0.001100
61 | 0.000700
62 | 0.001400
63 | 0.000300
64 | 0.000400
70 | 0.000300
71 | 0.000500
73 | 0.000300
73 | 0.000300
74 | 0.001000
72 | 0.001200
71 | 0.000300
66 | 0.000300
68 | 0.001200
67 | 0.000800
64 | 0.000600
61 | 0.000400
63 | 0.000600
60 | 0.000500
61 | 0.001000
62 | 0.000300
61 | 0.000900
62 | 0.000700
64 | 0.000600
59 | 0.000500
54 | 0.000800
55 | 0.000300
55 | 0.000700
56 | 0.000300
57 | 0.000500
59 | 0.001000
60 | 0.000400
59 | 0.000600
53 | 0.000300
53 | 0.000600
53 | 0.000300
52 | 0.000900
49 | 0.000700
50 | 0.000600
51 | 0.000300
53 | 0.000800
47 | 0.000900
49 | 0.000200
49 | 0.000200
50 | 0.000400
52 | 0.000200
51 | 0.000500
53 | 0.001000
52 | 0.000500
52 | 0.000800
53 | 0.000300
55 | 0.000500
56 | 0.000600
52 | 0.000600
52 | 0.001500
54 | 0.000500
54 | 0.000400
56 | 0.000800
58 | 0.000400
60 | 0.000700
61 | 0.000300
61 | 0.000200
59 | 0.000300
56 | 0.000800
56 | 0.000700
59 | 0.000500
59 | 0.001300
60 | 0.000300
61 | 0.000800
60 | 0.000600
61 | 0.001600
63 | 0.000200
64 | 0.000500
64 | 0.000500
63 | 0.001000
62 | 0.000700
63 | 0.000300
64 | 0.001100
64 | 0.000700
65 | 0.000500
66 | 0.000500
67 | 0.000400
69 | 0.000500
70 | 0.000300
68 | 0.000800
67 | 0.001100
68 | 0.000500
69 | 0.000800
71 | 0.000300
71 | 0.000600
72 | 0.000600
72 | 0.000800
73 | 0.000200
73 | 0.000700
72 | 0.000700
72 | 0.000600
73 | 0.000200
72 | 0.000300
74 | 0.000900
75 | 0.000800
75 | 0.000300
75 | 0.001100
77 | 0.001200
77 | 0.000400
78 | 0.001000
77 | 0.001000
78 | 0.000200
77 | 0.000200
78 | 0.000900
76 | 0.000900
77 | 0.000600
79 | 0.000500
81 | 0.000200
81 | 0.000300
82 | 0.000400
83 | 0.000700
84 | 0.000300
86 | 0.000500
84 | 0.001600
85 | 0.000600
87 | 0.000600
86 | 0.000500
87 | 0.000700
86 | 0.001400
85 | 0.000700
85 | 0.000900
87 | 0.000300
86 | 0.000800
87 | 0.000200
85 | 0.000800
84 | 0.000700
82 | 0.000700
82 | 0.000400
80 | 0.000400
81 | 0.001400
84 | 0.000400
81 | 0.000800
77 | 0.000400
76 | 0.000300
77 | 0.000400
76 | 0.000700
75 | 0.000700
77 | 0.000300
78 | 0.001000
80 | 0.000500
74 | 0.001900
67 | 0.000300
68 | 0.000900
70 | 0.000600
72 | 0.000300
71 | 0.000400
72 | 0.001000
73 | 0.001000
74 | 0.001300
74 | 0.000700
74 | 0.000300
71 | 0.000400
72 | 0.000700
74 | 0.000500
75 | 0.000600
75 | 0.000900
75 | 0.000900
77 | 0.000300
79 | 0.000900
81 | 0.000800
82 | 0.001100
80 | 0.000900
80 | 0.000200
81 | 0.000300
83 | 0.000300
83 | 0.001400
79 | 0.000900
82 | 0.000600
83 | 0.000300
84 | 0.000500
83 | 0.000600
83 | 0.000200
82 | 0.000300
82 | 0.000500
83 | 0.001100
83 | 0.001000
84 | 0.000300
86 | 0.000600
86 | 0.000600
86 | 0.000600
87 | 0.000200
88 | 0.001000
88 | 0.001500
88 | 0.001100
88 | 0.000300
89 | 0.000700
90 | 0.000500
92 | 0.000800
88 | 0.001100
87 | 0.000900
88 | 0.000600
89 | 0.000400
89 | 0.000500
92 | 0.000300
93 | 0.001000
93 | 0.000900
93 | 0.000300
94 | 0.000500
90 | 0.000900
92 | 0.000300
92 | 0.000300
93 | 0.000800
94 | 0.000500
97 | 0.000900
96 | 0.000600
97 | 0.000600
95 | 0.000700
96 | 0.000200
97 | 0.001400
98 | 0.000600
99 | 0.001500
97 | 0.000300
95 | 0.000400
95 | 0.000700
94 | 0.000400
94 | 0.000300
94 | 0.000900
96 | 0.000500
97 | 0.001400
97 | 0.000800
96 | 0.000500
97 | 0.001100
98 | 0.000500
99 | 0.000900
92 | 0.000800
91 | 0.000300
92 | 0.000300
91 | 0.000600
92 | 0.000300
91 | 0.000700
92 | 0.000300
93 | 0.001000
95 | 0.000800
95 | 0.000800
95 | 0.000300
96 | 0.000400
96 | 0.000600
96 | 0.000500
94 | 0.000300
96 | 0.001200
92 | 0.000300
93 | 0.000900
94 | 0.000200
96 | 0.000300
96 | 0.001200
96 | 0.000600
99 | 0.000500
99 | 0.000500
100 | 0.000200
102 | 0.000600
104 | 0.000300
104 | 0.000200
101 | 0.000300
101 | 0.000600
103 | 0.000200
103 | 0.000500
100 | 0.000600
99 | 0.000700
102 | 0.000700
103 | 0.000500
102 | 0.000700
103 | 0.000300
102 | 0.000800
103 | 0.000800
104 | 0.000300
91 | 0.001500
89 | 0.001000
90 | 0.000300
87 | 0.000400
82 | 0.000300
83 | 0.000300
83 | 0.000300
78 | 0.000200
70 | 0.000600
71 | 0.000500
71 | 0.000500
71 | 0.000400
71 | 0.000600
72 | 0.000300
72 | 0.000400
74 | 0.000800
76 | 0.000300
75 | 0.000400
76 | 0.000600
74 | 0.000600
65 | 0.000500
64 | 0.000700
63 | 0.000400
66 | 0.000600
66 | 0.000800
66 | 0.001300
51 | 0.000600
52 | 0.000300
53 | 0.000700
52 | 0.001000
53 | 0.000900
55 | 0.000700
48 | 0.001200
43 | 0.000400
43 | 0.000600
42 | 0.000300
42 | 0.000800
42 | 0.000300
42 | 0.000300
45 | 0.000300
46 | 0.000500
48 | 0.000300
46 | 0.000300
43 | 0.000500
44 | 0.000700
42 | 0.000300
41 | 0.000800
42 | 0.000300
43 | 0.000700
42 | 0.000500
42 | 0.001000
42 | 0.000400
43 | 0.001200
43 | 0.000300
43 | 0.000400
42 | 0.000600
43 | 0.000300
44 | 0.000300
45 | 0.000800
46 | 0.000200
45 | 0.000500
47 | 0.000800
48 | 0.000500
47 | 0.000600
43 | 0.000500
42 | 0.000300
41 | 0.000700
39 | 0.000300
37 | 0.000900
38 | 0.000400
34 | 0.000700
33 | 0.001300
34 | 0.000300
35 | 0.000600
37 | 0.000700
35 | 0.000500
35 | 0.000300
33 | 0.000600
34 | 0.000300
33 | 0.000200
33 | 0.000300
36 | 0.000500
36 | 0.000300
36 | 0.000600
36 | 0.000300
37 | 0.000300
37 | 0.000300
38 | 0.000600
39 | 0.000300
40 | 0.000700
42 | 0.000900
41 | 0.000300
41 | 0.000300
42 | 0.000400
43 | 0.000300
43 | 0.000500
38 | 0.000700
36 | 0.000300
37 | 0.000700
38 | 0.000200
38 | 0.000300
40 | 0.001000
41 | 0.000400
38 | 0.000700
35 | 0.000300
34 | 0.000200
35 | 0.000400
32 | 0.000500
33 | 0.000700
35 | 0.000600
36 | 0.000300
37 | 0.001600
41 | 0.000200
43 | 0.000200
44 | 0.000500
45 | 0.000200
46 | 0.000700
47 | 0.000200
48 | 0.000700
42 | 0.000300
0 | 0.000400
1 | 0.000500
2 | 0.000300
3 | 0.000900
4 | 0.000300
5 | 0.000700
6 | 0.000400
7 | 0.001400
8 | 0.000400
9 | 0.000800
10 | 0.000800
11 | 0.000900
12 | 0.000400
13 | 0.000400
14 | 0.000500
15 | 0.001900
16 | 0.000700
17 | 0.000900
18 | 0.000300
19 | 0.000800
20 | 0.000300
21 | 0.000500
22 | 0.000300
23 | 0.001000
24 | 0.000300
25 | 0.000600
26 | 0.000300
27 | 0.001700
28 | 0.000600
29 | 0.000600
30 | 0.000700
31 | 0.002300
32 | 0.000300
33 | 0.000500
34 | 0.000200
35 | 0.000800
36 | 0.000300
37 | 0.000800
38 | 0.000500
39 | 0.001300
40 | 0.000500
41 | 0.000700
42 | 0.000300
43 | 0.000800
44 | 0.000300
45 | 0.000500
46 | 0.000300
47 | 0.001300
48 | 0.000400
49 | 0.000700
50 | 0.000300
51 | 0.000800
52 | 0.000300
53 | 0.000600
54 | 0.000300
55 | 0.001000
56 | 0.000200
57 | 0.000500
58 | 0.000300
59 | 0.000800
60 | 0.001100
61 | 0.003500
62 | 0.000300
63 | 0.001700
64 | 0.000300
65 | 0.000400
66 | 0.000400
67 | 0.001000
68 | 0.000200
69 | 0.000500
70 | 0.000400
71 | 0.001300
72 | 0.000500
73 | 0.000600
74 | 0.000400
75 | 0.000800
76 | 0.000300
77 | 0.000500
78 | 0.000200
79 | 0.001100
80 | 0.000900
81 | 0.000600
82 | 0.000300
83 | 0.001300
84 | 0.000400
85 | 0.000500
86 | 0.000500
87 | 0.002200
88 | 0.000500
89 | 0.000500
90 | 0.000300
91 | 0.000800
92 | 0.000200
93 | 0.000700
94 | 0.000500
95 | 0.001600
96 | 0.000300
97 | 0.000500
98 | 0.000300
99 | 0.000900
100 | 0.000300
101 | 0.000500
102 | 0.000400
103 | 0.001100
104 | 0.000200
105 | 0.000600
106 | 0.000300
107 | 0.000800
108 | 0.000200
109 | 0.000800
110 | 0.000700
111 | 0.001400
112 | 0.000200
113 | 0.000500
114 | 0.000300
115 | 0.001000
116 | 0.000300
117 | 0.001000
118 | 0.000500
119 | 0.001000
120 | 0.000300
121 | 0.000500
122 | 0.000400
123 | 0.001100
124 | 0.000300
125 | 0.000600
126 | 0.000300
127 | 0.001900
128 | 0.000400
129 | 0.000900
130 | 0.000400
131 | 0.000800
132 | 0.000500
133 | 0.002900
134 | 0.001100
135 | 0.001500
136 | 0.000300
137 | 0.000500
138 | 0.000300
139 | 0.000900
140 | 0.000400
141 | 0.000600
142 | 0.000600
143 | 0.001300
144 | 0.000300
145 | 0.000600
146 | 0.000300
147 | 0.000900
148 | 0.000200
149 | 0.000500
150 | 0.000300
151 | 0.001300
152 | 0.000500
153 | 0.000500
154 | 0.000500
155 | 0.000900
156 | 0.000300
157 | 0.000600
158 | 0.000300
159 | 0.001200
160 | 0.000300
161 | 0.000600
162 | 0.000500
163 | 0.001000
164 | 0.000900
165 | 0.000700
166 | 0.000300
167 | 0.000900
168 | 0.000200
169 | 0.000600
170 | 0.000300
171 | 0.000900
172 | 0.002700
173 | 0.000700
174 | 0.000400
175 | 0.001300
176 | 0.000500
177 | 0.002400
178 | 0.000300
179 | 0.000700
180 | 0.000300
181 | 0.000600
182 | 0.000300
183 | 0.001500
184 | 0.000400
185 | 0.001100
186 | 0.000400
187 | 0.000700
188 | 0.000400
189 | 0.000600
190 | 0.000200
191 | 0.001500
192 | 0.000200
193 | 0.000600
194 | 0.000300
195 | 0.000800
196 | 0.000400
197 | 0.001600
198 | 0.000300
199 | 0.001000
200 | 0.000300
201 | 0.000500
202 | 0.000300
203 | 0.000800
204 | 0.000300
205 | 0.000500
206 | 0.000500
207 | 0.001500
208 | 0.000400
209 | 0.000800
210 | 0.000400
211 | 0.000800
212 | 0.000300
213 | 0.000500
214 | 0.000300
215 | 0.001100
216 | 0.000200
217 | 0.000500
218 | 0.000300
219 | 0.000900
220 | 0.000300
221 | 0.000500
222 | 0.000200
223 | 0.001200
224 | 0.000200
225 | 0.000500
226 | 0.000200
227 | 0.000600
228 | 0.000400
229 | 0.000500
230 | 0.000300
231 | 0.001200
232 | 0.000400
233 | 0.000700
234 | 0.000500
235 | 0.001100
236 | 0.000200
237 | 0.000700
238 | 0.000200
239 | 0.001200
240 | 0.000200
241 | 0.000800
242 | 0.000400
243 | 0.000800
244 | 0.000200
245 | 0.000500
246 | 0.000200
247 | 0.000800
248 | 0.000400
249 | 0.000600
250 | 0.000300
251 | 0.000700
252 | 0.000400
253 | 0.000700
254 | 0.000500
255 | 0.002200
256 | 0.000500
257 | 0.001000
258 | 0.000600
259 | 0.000800
260 | 0.000300
261 | 0.000500
262 | 0.000400
263 | 0.001000
264 | 0.000400
265 | 0.000500
266 | 0.000200
267 | 0.000600
268 | 0.000700
269 | 0.000700
270 | 0.000200
271 | 0.001000
272 | 0.000200
273 | 0.000500
274 | 0.000300
275 | 0.001000
276 | 0.000400
277 | 0.000600
278 | 0.000500
279 | 0.001300
280 | 0.000300
281 | 0.000500
282 | 0.000200
283 | 0.000800
284 | 0.000400
285 | 0.000600
286 | 0.000400
287 | 0.001300
288 | 0.000700
289 | 0.000600
290 | 0.000400
291 | 0.000800
292 | 0.000200
293 | 0.000500
294 | 0.000200
295 | 0.000800
296 | 0.000700
297 | 0.001000
298 | 0.000500
299 | 0.000800
300 | 0.000500
301 | 0.000900
302 | 0.000300
303 | 0.001200
304 | 0.000300
305 | 0.000500
306 | 0.000300
307 | 0.001100
308 | 0.000600
309 | 0.000800
310 | 0.000400
311 | 0.000900
312 | 0.000200
313 | 0.000400
314 | 0.000400
315 | 0.000700
316 | 0.000500
317 | 0.000600
318 | 0.000600
319 | 0.002100
320 | 0.000400
321 | 0.001100
322 | 0.000600
323 | 0.000800
324 | 0.000300
325 | 0.000500
326 | 0.000300
327 | 0.001400
328 | 0.000500
329 | 0.000700
330 | 0.000700
331 | 0.000900
332 | 0.000300
333 | 0.000500
334 | 0.000300
335 | 0.001100
336 | 0.000400
337 | 0.000600
338 | 0.000500
339 | 0.001100
340 | 0.000500
341 | 0.000800
342 | 0.000300
343 | 0.001100
344 | 0.000500
345 | 0.000700
346 | 0.000800
347 | 0.001000
348 | 0.000600
349 | 0.000700
350 | 0.000400
351 | 0.001500
352 | 0.000800
353 | 0.000600
354 | 0.000300
355 | 0.000800
356 | 0.000300
357 | 0.001300
358 | 0.000900
359 | 0.001100
360 | 0.000700
361 | 0.000700
362 | 0.000400
363 | 0.000800
364 | 0.000600
365 | 0.001100
366 | 0.000500
367 | 0.001400
368 | 0.000300
369 | 0.000800
370 | 0.000700
371 | 0.001100
372 | 0.000500
373 | 0.000600
374 | 0.000500
375 | 0.001100
376 | 0.000400
377 | 0.000600
378 | 0.000500
379 | 0.000800
380 | 0.000200
381 | 0.000600
382 | 0.000500
383 | 0.002100
384 | 0.000300
385 | 0.000500
386 | 0.000400
387 | 0.001200
388 | 0.000700
389 | 0.000700
390 | 0.000500
391 | 0.001500
392 | 0.000300
393 | 0.000400
394 | 0.000400
395 | 0.001100
396 | 0.000300
397 | 0.000600
398 | 0.000400
399 | 0.001100
400 | 0.000300
401 | 0.001000
402 | 0.000400
403 | 0.000800
404 | 0.000300
405 | 0.000500
406 | 0.000400
407 | 0.000800
408 | 0.000600
409 | 0.000900
410 | 0.000400
411 | 0.000800
412 | 0.000600
413 | 0.000900
414 | 0.000400
415 | 0.001400
416 | 0.000300
417 | 0.001000
418 | 0.000500
419 | 0.001000
420 | 0.000300
421 | 0.001000
422 | 0.000400
423 | 0.000900
424 | 0.000300
425 | 0.000400
426 | 0.000300
427 | 0.000600
428 | 0.000500
429 | 0.000700
430 | 0.001200
431 | 0.001100
432 | 0.000200
433 | 0.000500
434 | 0.000400
435 | 0.000800
436 | 0.000200
437 | 0.000500
438 | 0.000500
439 | 0.001300
440 | 0.000400
441 | 0.000800
442 | 0.000300
443 | 0.000600
444 | 0.000200
445 | 0.000400
446 | 0.000300
447 | 0.001600
448 | 0.000300
449 | 0.000400
450 | 0.000400
451 | 0.000800
452 | 0.000300
453 | 0.000500
454 | 0.000300
455 | 0.000900
456 | 0.000300
457 | 0.000500
458 | 0.000400
459 | 0.000700
460 | 0.000500
461 | 0.000800
462 | 0.000700
463 | 0.001500
464 | 0.000400
465 | 0.000600
466 | 0.000500
467 | 0.001000
468 | 0.000300
469 | 0.000600
470 | 0.000400
471 | 0.037200
472 | 0.000500
473 | 0.000600
474 | 0.000300
475 | 0.000700
476 | 0.000300
477 | 0.000500
478 | 0.000200
479 | 0.001200
480 | 0.000300
481 | 0.000900
482 | 0.000200
483 | 0.001000
484 | 0.000400
485 | 0.000700
486 | 0.000800
487 | 0.002500
488 | 0.000400
489 | 0.001300
490 | 0.000300
491 | 0.000800
492 | 0.000200
493 | 0.000900
494 | 0.001300
495 | 0.001500
496 | 0.000300
497 | 0.000500
498 | 0.000300
499 | 0.000700
500 | 0.000200
501 | 0.000700
502 | 0.000300
503 | 0.001800
504 | 0.000500
505 | 0.001100
506 | 0.000300
507 | 0.000700
508 | 0.000200
509 | 0.000600
510 | 0.000600
511 | 0.007400
512 | 0.000300
513 | 0.000500
514 | 0.000500
515 | 0.001200
516 | 0.000700
517 | 0.000600
518 | 0.000300
519 | 0.000800
520 | 0.000300
521 | 0.000800
522 | 0.000400
523 | 0.000700
524 | 0.000300
525 | 0.000700
526 | 0.000500
527 | 0.001400
528 | 0.000500
529 | 0.001900
530 | 0.000400
531 | 0.000700
532 | 0.000300
533 | 0.000500
534 | 0.000200
535 | 0.001000
536 | 0.000500
537 | 0.000500
538 | 0.000500
539 | 0.001100
540 | 0.000500
541 | 0.000500
542 | 0.000200
543 | 0.001200
544 | 0.000200
545 | 0.000600
546 | 0.000500
547 | 0.000900
548 | 0.000300
549 | 0.001100
550 | 0.006000
551 | 0.001100
552 | 0.000300
553 | 0.000500
554 | 0.000300
555 | 0.000700
556 | 0.000400
557 | 0.000700
558 | 0.000400
559 | 0.001300
560 | 0.000600
561 | 0.000700
562 | 0.000200
563 | 0.000700
564 | 0.000300
565 | 0.000600
566 | 0.000500
567 | 0.001900
568 | 0.000300
569 | 0.000500
570 | 0.000700
571 | 0.001900
572 | 0.000300
573 | 0.000600
574 | 0.000300
575 | 0.001800
576 | 0.000500
577 | 0.000800
578 | 0.000500
579 | 0.000900
580 | 0.000300
581 | 0.000600
582 | 0.000200
583 | 0.001000
584 | 0.000300
585 | 0.000800
586 | 0.000500
587 | 0.001100
588 | 0.000400
589 | 0.000800
590 | 0.000900
591 | 0.001300
592 | 0.000300
593 | 0.000400
594 | 0.000300
595 | 0.000600
596 | 0.000400
597 | 0.000900
598 | 0.000400
599 | 0.000900
600 | 0.000300
601 | 0.000400
602 | 0.000300
603 | 0.000600
604 | 0.000200
605 | 0.000500
606 | 0.000400
607 | 0.001400
608 | 0.000300
609 | 0.000500
610 | 0.000300
611 | 0.000700
612 | 0.000300
613 | 0.000500
614 | 0.000400
615 | 0.000800
616 | 0.000300
617 | 0.001200
618 | 0.000600
619 | 0.001100
620 | 0.000300
621 | 0.000900
622 | 0.000500
623 | 0.001200
624 | 0.000300
625 | 0.000600
626 | 0.000400
627 | 0.000800
628 | 0.000400
629 | 0.000600
630 | 0.000300
631 | 0.000900
632 | 0.000300
633 | 0.000700
634 | 0.000400
635 | 0.000700
636 | 0.000300
637 | 0.000800
638 | 0.000300
639 | 0.002200
640 | 0.000300
641 | 0.000900
642 | 0.001200
643 | 0.000800
644 | 0.000300
645 | 0.000900
646 | 0.000400
647 | 0.000900
648 | 0.000500
649 | 0.000800
650 | 0.000300
651 | 0.000800
652 | 0.000300
653 | 0.000500
654 | 0.000200
655 | 0.001000
656 | 0.000600
657 | 0.000600
658 | 0.000400
659 | 0.000900
660 | 0.000300
661 | 0.000500
662 | 0.001000
663 | 0.001300
664 | 0.000300
665 | 0.000500
666 | 0.000300
667 | 0.000700
668 | 0.000400
669 | 0.008500
670 | 0.000300
671 | 0.001500
672 | 0.000300
673 | 0.000600
674 | 0.000200
675 | 0.000800
676 | 0.000600
677 | 0.000600
678 | 0.000300
679 | 0.001300
680 | 0.000500
681 | 0.000600
682 | 0.000800
683 | 0.001800
684 | 0.000300
685 | 0.000600
686 | 0.000400
687 | 0.001200
688 | 0.000300
689 | 0.000900
690 | 0.000300
691 | 0.000800
692 | 0.000300
693 | 0.000600
694 | 0.000600
695 | 0.001000
696 | 0.000300
697 | 0.000600
698 | 0.000300
699 | 0.000800
700 | 0.000300
701 | 0.000600
702 | 0.000200
703 | 0.001900
704 | 0.000300
705 | 0.000500
706 | 0.000300
707 | 0.000700
708 | 0.000200
709 | 0.001000
710 | 0.000400
711 | 0.000900
712 | 0.000300
713 | 0.000400
714 | 0.000200
715 | 0.000900
716 | 0.000300
717 | 0.000800
718 | 0.000400
719 | 0.001100
720 | 0.000300
721 | 0.000700
722 | 0.000600
723 | 0.001000
724 | 0.000300
725 | 0.001100
726 | 0.000500
727 | 0.005000
728 | 0.000400
729 | 0.000700
730 | 0.000300
731 | 0.000900
732 | 0.000700
733 | 0.000800
734 | 0.000300
735 | 0.001300
736 | 0.000300
737 | 0.000500
738 | 0.000200
739 | 0.000700
740 | 0.000300
741 | 0.000600
742 | 0.000600
743 | 0.001000
744 | 0.000200
745 | 0.000600
746 | 0.000300
747 | 0.000700
748 | 0.000300
749 | 0.000600
750 | 0.000300
751 | 0.000900
752 | 0.000900
753 | 0.000800
754 | 0.000400
755 | 0.000800
756 | 0.000300
757 | 0.000500
758 | 0.000300
759 | 0.000800
760 | 0.000400
761 | 0.001000
762 | 0.000500
763 | 0.000900
764 | 0.000300
765 | 0.001000
766 | 0.000600
767 | 0.002500
768 | 0.000300
769 | 0.000500
770 | 0.000300
771 | 0.001100
772 | 0.000400
773 | 0.000700
774 | 0.000300
775 | 0.000800
776 | 0.000300
777 | 0.000600
778 | 0.000400
779 | 0.000700
780 | 0.000300
781 | 0.000600
782 | 0.000300
783 | 0.001000
784 | 0.000300
785 | 0.000700
786 | 0.000400
787 | 0.000700
788 | 0.000200
789 | 0.000700
790 | 0.001000
791 | 0.001000
792 | 0.000300
793 | 0.001200
794 | 0.000300
795 | 0.000900
796 | 0.001100
797 | 0.001100
798 | 0.000300
799 | 0.001200
800 | 0.000300
801 | 0.000600
802 | 0.000500
803 | 0.000800
804 | 0.000300
805 | 0.000600
806 | 0.000300
807 | 0.001000
808 | 0.000400
809 | 0.000600
810 | 0.000300
811 | 0.000700
812 | 0.000300
813 | 0.001200
814 | 0.000400
815 | 0.001900
816 | 0.000300
817 | 0.000500
818 | 0.000300
819 | 0.000700
820 | 0.000300
821 | 0.000700
822 | 0.000600
823 | 0.001200
824 | 0.000400
825 | 0.000600
826 | 0.000500
827 | 0.001000
828 | 0.000300
829 | 0.000600
830 | 0.000300
831 | 0.002200
832 | 0.000800
833 | 0.000800
834 | 0.000300
835 | 0.000700
836 | 0.000600
837 | 0.001200
838 | 0.000300
839 | 0.001100
840 | 0.000500
841 | 0.001200
842 | 0.000300
843 | 0.001000
844 | 0.000300
845 | 0.000700
846 | 0.000400
847 | 0.001200
848 | 0.000300
849 | 0.000600
850 | 0.000600
851 | 0.001500
852 | 0.000400
853 | 0.001200
854 | 0.000800
855 | 0.001200
856 | 0.000400
857 | 0.000700
858 | 0.000300
859 | 0.001000
860 | 0.000700
861 | 0.000800
862 | 0.000300
863 | 0.001400
864 | 0.000300
865 | 0.000500
866 | 0.000400
867 | 0.000800
868 | 0.000500
869 | 0.000700
870 | 0.000300
871 | 0.000900
872 | 0.000200
873 | 0.000600
874 | 0.000300
875 | 0.000900
876 | 0.000200
877 | 0.000500
878 | 0.000300
879 | 0.002100
880 | 0.000300
881 | 0.000500
882 | 0.000200
883 | 0.000700
884 | 0.000300
885 | 0.000600
886 | 0.000200
887 | 0.000900
888 | 0.000500
889 | 0.000500
890 | 0.000200
891 | 0.000900
892 | 0.000200
893 | 0.000500
894 | 0.000300
895 | 0.001700
896 | 0.000300
897 | 0.000600
898 | 0.000400
899 | 0.001300
900 | 0.000400
901 | 0.000600
902 | 0.000600
903 | 0.001100
904 | 0.000300
905 | 0.000800
906 | 0.000300
907 | 0.000700
908 | 0.000400
909 | 0.000700
910 | 0.000300
911 | 0.001000
912 | 0.000300
913 | 0.000500
914 | 0.000300
915 | 0.000700
916 | 0.000300
917 | 0.000700
918 | 0.000300
919 | 0.001200
920 | 0.000600
921 | 0.000600
922 | 0.000300
923 | 0.001000
924 | 0.000300
925 | 0.000700
926 | 0.000400
927 | 0.001300
928 | 0.000400
929 | 0.000900
930 | 0.000300
931 | 0.000700
932 | 0.000300
933 | 0.000600
934 | 0.000600
935 | 0.001300
936 | 0.000300
937 | 0.000500
938 | 0.000400
939 | 0.000900
940 | 0.000300
941 | 0.000600
942 | 0.000400
943 | 0.001100
944 | 0.000300
945 | 0.000500
946 | 0.000500
947 | 0.000800
948 | 0.000300
949 | 0.001500
950 | 0.000300
951 | 0.001000
952 | 0.000300
953 | 0.001500
954 | 0.000800
955 | 0.001000
956 | 0.000400
957 | 0.000800
958 | 0.000400
959 | 0.001600
960 | 0.000600
961 | 0.000800
962 | 0.000300
963 | 0.000700
964 | 0.000300
965 | 0.000800
966 | 0.000500
967 | 0.000900
968 | 0.000500
969 | 0.001000
970 | 0.000300
971 | 0.000700
972 | 0.000200
973 | 0.000500
974 | 0.000300
975 | 0.001300
976 | 0.000500
977 | 0.000700
978 | 0.000500
979 | 0.001400
980 | 0.000400
981 | 0.000500
982 | 0.000300
983 | 0.000800
984 | 0.000400
985 | 0.000800
986 | 0.000500
987 | 0.000900
988 | 0.000300
989 | 0.000600
990 | 0.000600
991 | 0.001400
992 | 0.000300
993 | 0.000500
994 | 0.000500
995 | 0.000900
996 | 0.000300
997 | 0.000600
998 | 0.000300
999 | 0.000800
1000 | 0.000300
1001 | 0.000600
1002 | 0.000300
1003 | 0.000700
1004 | 0.000900
1005 | 0.000800
1006 | 0.000300
1007 | 0.001100
1008 | 0.000300
1009 | 0.000600
1010 | 0.000400
1011 | 0.000800
1012 | 0.000300
1013 | 0.000600
1014 | 0.000400
1015 | 0.001500
1016 | 0.000300
1017 | 0.000600
1018 | 0.000300
1019 | 0.000800
1020 | 0.000300
1021 | 0.000900
1022 | 0.000300
1023 | 0.003200
1024 | 0.000400
1025 | 0.000700
1026 | 0.000300
1027 | 0.001000
1028 | 0.000300
1029 | 0.000700
1030 | 0.000300
1031 | 0.001000
1032 | 0.000300
1033 | 0.001000
1034 | 0.000500
1035 | 0.000900
1036 | 0.000400
1037 | 0.000700
1038 | 0.000300
1039 | 0.001500
1040 | 0.000400
1041 | 0.000600
1042 | 0.000500
1043 | 0.001100
1044 | 0.001100
1045 | 0.000700
1046 | 0.000200
1047 | 0.001100
1048 | 0.000300
1049 | 0.000500
1050 | 0.000400
1051 | 0.000800
1052 | 0.000500
1053 | 0.001000
1054 | 0.000300
1055 | 0.001300
1056 | 0.000200
1057 | 0.000500
1058 | 0.000500
1059 | 0.001000
1060 | 0.000200
1061 | 0.000600
1062 | 0.000400
1063 | 0.001000
1064 | 0.000300
1065 | 0.000500
1066 | 0.000300
1067 | 0.000700
1068 | 0.000300
1069 | 0.000500
1070 | 0.000300
1071 | 0.001100
1072 | 0.000300
1073 | 0.000600
1074 | 0.000300
1075 | 0.000700
1076 | 0.000300
1077 | 0.000500
1078 | 0.000600
1079 | 0.001200
1080 | 0.000300
1081 | 0.000600
1082 | 0.000300
1083 | 0.001100
1084 | 0.001500
1085 | 0.000700
1086 | 0.000300
1087 | 0.001700
1088 | 0.000300
1089 | 0.000600
1090 | 0.000300
1091 | 0.000800
1092 | 0.000400
1093 | 0.000800
1094 | 0.000300
1095 | 0.000900
1096 | 0.000200
1097 | 0.000700
1098 | 0.000300
1099 | 0.000700
1100 | 0.000300
1101 | 0.000700
1102 | 0.000600
1103 | 0.001600
1104 | 0.000600
1105 | 0.000700
1106 | 0.000400
1107 | 0.000700
1108 | 0.000300
1109 | 0.000600
1110 | 0.000300
1111 | 0.001000
1112 | 0.000300
1113 | 0.001000
1114 | 0.000200
1115 | 0.000900
1116 | 0.000300
1117 | 0.000700
1118 | 0.000400
1119 | 0.001300
1120 | 0.000200
1121 | 0.000600
1122 | 0.000400
1123 | 0.001700
1124 | 0.000300
1125 | 0.000700
1126 | 0.000300
1127 | 0.000800
1128 | 0.000200
1129 | 0.000600
1130 | 0.000300
1131 | 0.000600
1132 | 0.000500
1133 | 0.001000
1134 | 0.000300
1135 | 0.001200
1136 | 0.000300
1137 | 0.000600
1138 | 0.000300
1139 | 0.000600
1140 | 0.000400
1141 | 0.000700
1142 | 0.000400
1143 | 0.001100
1144 | 0.000500
1145 | 0.001800
1146 | 0.000200
1147 | 0.000700
1148 | 0.000200
1149 | 0.000800
1150 | 0.000600
1151 | 0.002800
1152 | 0.000300
0 | 0.000400
1 | 0.000600
2 | 0.000500
3 | 0.000700
4 | 0.000300
5 | 0.001400
6 | 0.000500
7 | 0.001000
8 | 0.000300
9 | 0.000500
10 | 0.000500
11 | 0.000800
12 | 0.000300
13 | 0.000600
14 | 0.000300
15 | 0.001100
16 | 0.000400
17 | 0.000700
18 | 0.000400
19 | 0.000800
20 | 0.000300
21 | 0.000500
22 | 0.000300
23 | 0.001200
24 | 0.000300
25 | 0.000500
26 | 0.000300
27 | 0.000700
28 | 0.000500
29 | 0.000800
30 | 0.000500
31 | 0.001500
32 | 0.000400
33 | 0.000600
34 | 0.000200
35 | 0.000700
36 | 0.000300
37 | 0.000500
38 | 0.000300
39 | 0.000800
40 | 0.000300
41 | 0.000600
42 | 0.000300
43 | 0.001000
44 | 0.000300
45 | 0.000500
46 | 0.000400
47 | 0.001600
48 | 0.000300
49 | 0.000600
50 | 0.000300
51 | 0.000700
52 | 0.000300
53 | 0.000700
54 | 0.000400
55 | 0.001000
56 | 0.000300
57 | 0.000900
58 | 0.000500
59 | 0.000700
60 | 0.000200
61 | 0.000600
62 | 0.000300
63 | 0.001600
64 | 0.000500
65 | 0.000800
66 | 0.000500
67 | 0.000800
68 | 0.000300
69 | 0.000600
70 | 0.000300
71 | 0.000900
72 | 0.000200
73 | 0.000500
74 | 0.000200
75 | 0.000900
76 | 0.000400
77 | 0.000900
78 | 0.000500
79 | 0.001100
80 | 0.000300
81 | 0.000600
82 | 0.000300
83 | 0.000700
84 | 0.000300
85 | 0.000500
86 | 0.000300
87 | 0.001000
88 | 0.000400
89 | 0.000900
90 | 0.000500
91 | 0.000800
92 | 0.000300
93 | 0.000600
94 | 0.000300
95 | 0.001200
96 | 0.000300
97 | 0.000500
98 | 0.000400
99 | 0.000900
100 | 0.000300
101 | 0.000800
102 | 0.000300
103 | 0.001000
104 | 0.000500
105 | 0.001700
106 | 0.000300
107 | 0.000800
108 | 0.000200
109 | 0.000500
110 | 0.000300
111 | 0.002000
112 | 0.000500
113 | 0.000700
114 | 0.000400
115 | 0.000700
116 | 0.000200
117 | 0.000400
118 | 0.000200
119 | 0.000800
120 | 0.000200
121 | 0.000400
122 | 0.000300
123 | 0.001200
124 | 0.000300
125 | 0.000600
126 | 0.000300
127 | 0.001700
128 | 0.000300
129 | 0.000500
130 | 0.000200
131 | 0.000600
132 | 0.000200
133 | 0.000600
134 | 0.000200
135 | 0.000800
136 | 0.000500
137 | 0.001000
138 | 0.000300
139 | 0.000900
140 | 0.000800
141 | 0.001100
142 | 0.000300
143 | 0.001000
144 | 0.000300
145 | 0.000700
146 | 0.000300
147 | 0.000700
148 | 0.000300
149 | 0.000600
150 | 0.000300
151 | 0.001100
152 | 0.000200
153 | 0.000500
154 | 0.000200
155 | 0.000700
156 | 0.000200
157 | 0.000700
158 | 0.000300
159 | 0.001800
160 | 0.000500
161 | 0.001400
162 | 0.000400
163 | 0.000700
164 | 0.000400
165 | 0.000500
166 | 0.000400
167 | 0.000900
168 | 0.000300
169 | 0.000500
170 | 0.000200
171 | 0.000600
172 | 0.000400
173 | 0.000800
174 | 0.000300
175 | 0.001100
176 | 0.000200
177 | 0.000500
178 | 0.000400
179 | 0.000700
180 | 0.000300
181 | 0.000600
182 | 0.000200
183 | 0.001200
184 | 0.000500
185 | 0.000800
186 | 0.000500
187 | 0.000900
188 | 0.000800
189 | 0.000600
190 | 0.000400
191 | 0.001700
192 | 0.000200
193 | 0.000500
194 | 0.000400
195 | 0.000900
196 | 0.000600
197 | 0.000700
198 | 0.000300
199 | 0.001000
200 | 0.000300
201 | 0.000500
202 | 0.000400
203 | 0.000900
204 | 0.000200
205 | 0.000700
206 | 0.000400
207 | 0.001600
208 | 0.000600
209 | 0.000800
210 | 0.000400
211 | 0.000700
212 | 0.000300
213 | 0.000500
214 | 0.000300
215 | 0.000800
216 | 0.000300
217 | 0.000500
218 | 0.000500
219 | 0.001000
220 | 0.000300
221 | 0.000500
222 | 0.000400
223 | 0.001700
224 | 0.000400
225 | 0.000500
226 | 0.000400
227 | 0.000700
228 | 0.000300
229 | 0.000800
230 | 0.000600
231 | 0.001700
232 | 0.000300
233 | 0.000800
234 | 0.000600
235 | 0.000900
236 | 0.000400
237 | 0.000500
238 | 0.000500
239 | 0.001200
240 | 0.000300
241 | 0.001200
242 | 0.000400
243 | 0.001000
244 | 0.000300
245 | 0.000500
246 | 0.000300
247 | 0.001200
248 | 0.000300
249 | 0.000600
250 | 0.000400
251 | 0.000900
252 | 0.000600
253 | 0.000800
254 | 0.000400
255 | 0.003000
256 | 0.001400
257 | 0.000700
258 | 0.000400
259 | 0.000800
260 | 0.000300
261 | 0.000700
262 | 0.000700
263 | 0.001500
264 | 0.000300
265 | 0.000400
266 | 0.000500
267 | 0.000700
268 | 0.000300
269 | 0.000500
270 | 0.000300
271 | 0.001300
272 | 0.000500
273 | 0.000900
274 | 0.000400
275 | 0.001000
276 | 0.000600
277 | 0.000700
278 | 0.000300
279 | 0.000900
280 | 0.000200
281 | 0.000500
282 | 0.000500
283 | 0.000900
284 | 0.000300
285 | 0.007800
286 | 0.000500
287 | 0.003900
288 | 0.000300
289 | 0.001000
290 | 0.000400
291 | 0.000700
292 | 0.000300
293 | 0.001000
294 | 0.000300
295 | 0.000900
296 | 0.000300
297 | 0.000500
298 | 0.000200
299 | 0.000600
300 | 0.000200
301 | 0.000500
302 | 0.000400
303 | 0.001100
304 | 0.000400
305 | 0.001200
306 | 0.000400
307 | 0.000800
308 | 0.000500
309 | 0.000800
310 | 0.000400
311 | 0.000900
312 | 0.000200
313 | 0.000600
314 | 0.000300
315 | 0.001300
316 | 0.000300
317 | 0.000600
318 | 0.000300
319 | 0.001400
320 | 0.000200
321 | 0.000700
322 | 0.000800
323 | 0.000800
324 | 0.000300
325 | 0.000500
326 | 0.000300
327 | 0.001200
328 | 0.000300
329 | 0.000600
330 | 0.000500
331 | 0.001800
332 | 0.000300
333 | 0.000700
334 | 0.000200
335 | 0.001000
336 | 0.000300
337 | 0.000900
338 | 0.000300
339 | 0.000700
340 | 0.000300
341 | 0.000600
342 | 0.000300
343 | 0.001300
344 | 0.000300
345 | 0.000500
346 | 0.000300
347 | 0.000700
348 | 0.000300
349 | 0.001100
350 | 0.000400
351 | 0.001800
352 | 0.000700
353 | 0.000800
354 | 0.000300
355 | 0.000700
356 | 0.000300
357 | 0.000600
358 | 0.000300
359 | 0.001100
360 | 0.000400
361 | 0.000900
362 | 0.000200
363 | 0.000900
364 | 0.000300
365 | 0.000500
366 | 0.000300
367 | 0.001000
368 | 0.000200
369 | 0.000500
370 | 0.000700
371 | 0.001200
372 | 0.000400
373 | 0.000600
374 | 0.000300
375 | 0.000800
376 | 0.000200
377 | 0.000600
378 | 0.000300
379 | 0.000600
380 | 0.000200
381 | 0.001000
382 | 0.000500
383 | 0.001800
384 | 0.000600
385 | 0.002000
386 | 0.000400
387 | 0.000800
388 | 0.000300
389 | 0.000500
390 | 0.000200
391 | 0.001100
392 | 0.000500
393 | 0.001200
394 | 0.000400
395 | 0.000700
396 | 0.000300
397 | 0.000600
398 | 0.000300
399 | 0.001200
400 | 0.000300
401 | 0.000500
402 | 0.000200
403 | 0.001000
404 | 0.000400
405 | 0.000700
406 | 0.000300
407 | 0.000800
408 | 0.000200
409 | 0.000600
410 | 0.000300
411 | 0.000700
412 | 0.000300
413 | 0.000600
414 | 0.000400
415 | 0.001400
416 | 0.000500
417 | 0.001300
418 | 0.000300
419 | 0.000800
420 | 0.000200
421 | 0.000600
422 | 0.000300
423 | 0.001500
424 | 0.000400
425 | 0.000600
426 | 0.000300
427 | 0.001100
428 | 0.000800
429 | 0.000600
430 | 0.000300
431 | 0.001200
432 | 0.000300
433 | 0.000400
434 | 0.000400
435 | 0.000700
436 | 0.000400
437 | 0.000800
438 | 0.000500
439 | 0.001000
440 | 0.000200
441 | 0.000400
442 | 0.000500
443 | 0.000900
444 | 0.000300
445 | 0.000500
446 | 0.000200
447 | 0.001900
448 | 0.000600
449 | 0.000800
450 | 0.000300
451 | 0.000700
452 | 0.000200
453 | 0.000500
454 | 0.000500
455 | 0.001200
456 | 0.000400
457 | 0.000500
458 | 0.000400
459 | 0.001000
460 | 0.000400
461 | 0.000700
462 | 0.000900
463 | 0.001400
464 | 0.000300
465 | 0.001400
466 | 0.000700
467 | 0.002000
468 | 0.001100
469 | 0.000900
470 | 0.000300
471 | 0.001000
472 | 0.000500
473 | 0.001100
474 | 0.000600
475 | 0.000800
476 | 0.000200
477 | 0.000900
478 | 0.000400
479 | 0.001400
480 | 0.000200
481 | 0.000500
482 | 0.000400
483 | 0.001100
484 | 0.000500
485 | 0.000600
486 | 0.000200
487 | 0.001000
488 | 0.000300
489 | 0.000500
490 | 0.000200
491 | 0.000600
492 | 0.000200
493 | 0.000500
494 | 0.000300
495 | 0.001400
496 | 0.000300
497 | 0.000600
498 | 0.000300
499 | 0.000700
500 | 0.000300
501 | 0.000600
502 | 0.000400
503 | 0.000900
504 | 0.000500
505 | 0.001100
506 | 0.000400
507 | 0.001000
508 | 0.000400
509 | 0.000600
510 | 0.000200
511 | 0.002700
512 | 0.000300
513 | 0.000500
514 | 0.000400
515 | 0.000900
516 | 0.000300
517 | 0.000500
518 | 0.000400
519 | 0.001000
520 | 0.000300
521 | 0.000400
522 | 0.000600
523 | 0.000700
524 | 0.000400
525 | 0.000800
526 | 0.000500
527 | 0.001800
528 | 0.000500
529 | 0.000800
530 | 0.000400
531 | 0.000800
532 | 0.000300
533 | 0.000500
534 | 0.000400
535 | 0.000900
536 | 0.000400
537 | 0.000700
538 | 0.000500
539 | 0.000800
540 | 0.000300
541 | 0.000500
542 | 0.000400
543 | 0.002600
544 | 0.000500
545 | 0.000600
546 | 0.000500
547 | 0.000900
548 | 0.000500
549 | 0.000800
550 | 0.000500
551 | 0.002000
552 | 0.000700
553 | 0.000700
554 | 0.000300
555 | 0.000800
556 | 0.000400
557 | 0.000700
558 | 0.000400
559 | 0.001300
560 | 0.000600
561 | 0.000600
562 | 0.000400
563 | 0.000700
564 | 0.000300
565 | 0.000700
566 | 0.000500
567 | 0.001400
568 | 0.000500
569 | 0.000600
570 | 0.000800
571 | 0.001000
572 | 0.000300
573 | 0.000600
574 | 0.000400
575 | 0.001600
576 | 0.000500
577 | 0.000700
578 | 0.000400
579 | 0.001000
580 | 0.000300
581 | 0.000600
582 | 0.000400
583 | 0.001000
584 | 0.000300
585 | 0.000600
586 | 0.000500
587 | 0.001000
588 | 0.000300
589 | 0.000600
590 | 0.000800
591 | 0.001400
592 | 0.000300
593 | 0.000600
594 | 0.000300
595 | 0.000900
596 | 0.000500
597 | 0.000800
598 | 0.000400
599 | 0.000900
600 | 0.000200
601 | 0.000500
602 | 0.000300
603 | 0.000700
604 | 0.000300
605 | 0.000700
606 | 0.000400
607 | 0.001600
608 | 0.000300
609 | 0.000800
610 | 0.000700
611 | 0.000900
612 | 0.000300
613 | 0.000500
614 | 0.000200
615 | 0.000900
616 | 0.000600
617 | 0.000700
618 | 0.000300
619 | 0.000800
620 | 0.000300
621 | 0.000500
622 | 0.000300
623 | 0.001000
624 | 0.000300
625 | 0.000600
626 | 0.000500
627 | 0.000900
628 | 0.000300
629 | 0.000500
630 | 0.000600
631 | 0.001800
632 | 0.000300
633 | 0.006900
634 | 0.000300
635 | 0.000900
636 | 0.000300
637 | 0.000700
638 | 0.000600
639 | 0.002000
640 | 0.000300
641 | 0.000700
642 | 0.000200
643 | 0.001100
644 | 0.000300
645 | 0.000700
646 | 0.000300
647 | 0.001000
648 | 0.000500
649 | 0.000600
650 | 0.000300
651 | 0.000900
652 | 0.000200
653 | 0.000500
654 | 0.000600
655 | 0.001300
656 | 0.000300
657 | 0.000500
658 | 0.000500
659 | 0.000900
660 | 0.000500
661 | 0.000700
662 | 0.000400
663 | 0.001000
664 | 0.000300
665 | 0.000500
666 | 0.000500
667 | 0.000800
668 | 0.000300
669 | 0.000700
670 | 0.000600
671 | 0.001400
672 | 0.000200
673 | 0.000600
674 | 0.000600
675 | 0.000800
676 | 0.000300
677 | 0.000600
678 | 0.000600
679 | 0.001300
680 | 0.000300
681 | 0.000600
682 | 0.000300
683 | 0.001300
684 | 0.000500
685 | 0.000700
686 | 0.000400
687 | 0.001000
688 | 0.000300
689 | 0.000500
690 | 0.000600
691 | 0.001000
692 | 0.000300
693 | 0.000600
694 | 0.000300
695 | 0.000800
696 | 0.000300
697 | 0.000500
698 | 0.000200
699 | 0.000700
700 | 0.000500
701 | 0.000700
702 | 0.000300
703 | 0.002500
704 | 0.000300
705 | 0.000600
706 | 0.000300
707 | 0.000600
708 | 0.000300
709 | 0.000600
710 | 0.000500
711 | 0.001300
712 | 0.000500
713 | 0.000800
714 | 0.000200
715 | 0.000700
716 | 0.000300
717 | 0.000800
718 | 0.000200
719 | 0.001300
720 | 0.000400
721 | 0.001100
722 | 0.000300
723 | 0.001400
724 | 0.000700
725 | 0.000900
726 | 0.000400
727 | 0.000900
728 | 0.000300
729 | 0.000800
730 | 0.000700
731 | 0.001200
732 | 0.000300
733 | 0.000600
734 | 0.000200
735 | 0.001400
736 | 0.000300
737 | 0.000600
738 | 0.000500
739 | 0.000900
740 | 0.000400
741 | 0.001100
742 | 0.000300
743 | 0.001400
744 | 0.001100
745 | 0.001100
746 | 0.000300
747 | 0.000800
748 | 0.000700
749 | 0.001100
750 | 0.000400
751 | 0.001200
752 | 0.000300
753 | 0.000600
754 | 0.000300
755 | 0.000700
756 | 0.000400
757 | 0.000700
758 | 0.000300
759 | 0.001100
760 | 0.000800
761 | 0.000700
762 | 0.000600
763 | 0.001200
764 | 0.000500
765 | 0.000700
766 | 0.000400
767 | 0.002100
768 | 0.000300
769 | 0.000800
770 | 0.000300
771 | 0.000800
772 | 0.000300
773 | 0.000700
774 | 0.000200
775 | 0.001000
776 | 0.000300
777 | 0.000700
778 | 0.000500
779 | 0.000700
780 | 0.000300
781 | 0.000700
782 | 0.000300
783 | 0.001000
784 | 0.000300
785 | 0.000800
786 | 0.000500
787 | 0.000900
788 | 0.000400
789 | 0.000700
790 | 0.000600
791 | 0.002000
792 | 0.000200
793 | 0.000900
794 | 0.000300
795 | 0.000700
796 | 0.000300
797 | 0.000600
798 | 0.000400
799 | 0.001500
800 | 0.000300
801 | 0.000700
802 | 0.000400
803 | 0.000700
804 | 0.000300
805 | 0.001100
806 | 0.000400
807 | 0.001100
808 | 0.000300
809 | 0.000700
810 | 0.000400
811 | 0.001100
812 | 0.000500
813 | 0.000600
814 | 0.000300
815 | 0.001200
816 | 0.000300
817 | 0.000500
818 | 0.000200
819 | 0.000800
820 | 0.001100
821 | 0.000600
822 | 0.000300
823 | 0.002000
824 | 0.000300
825 | 0.000800
826 | 0.000300
827 | 0.000900
828 | 0.000300
829 | 0.000800
830 | 0.000500
831 | 0.002000
832 | 0.000500
833 | 0.001300
834 | 0.000400
835 | 0.000800
836 | 0.000300
837 | 0.000500
838 | 0.000500
839 | 0.001200
840 | 0.000300
841 | 0.000700
842 | 0.000300
843 | 0.000700
844 | 0.000300
845 | 0.000500
846 | 0.000300
847 | 0.001000
848 | 0.000300
849 | 0.000900
850 | 0.000800
851 | 0.000800
852 | 0.000300
853 | 0.000500
854 | 0.000300
855 | 0.001000
856 | 0.000300
857 | 0.000600
858 | 0.000300
859 | 0.000800
860 | 0.000800
861 | 0.000700
862 | 0.000300
863 | 0.001300
864 | 0.000300
865 | 0.000500
866 | 0.000300
867 | 0.000900
868 | 0.000300
869 | 0.000700
870 | 0.000600
871 | 0.001000
872 | 0.000500
873 | 0.002500
874 | 0.000300
875 | 0.000700
876 | 0.000300
877 | 0.000500
878 | 0.000300
879 | 0.001400
880 | 0.000400
881 | 0.000600
882 | 0.000200
883 | 0.000800
884 | 0.000200
885 | 0.000700
886 | 0.000400
887 | 0.000900
888 | 0.000300
889 | 0.000700
890 | 0.000500
891 | 0.000700
892 | 0.000700
893 | 0.001000
894 | 0.000300
895 | 0.001600
896 | 0.000200
897 | 0.000700
898 | 0.000300
899 | 0.001900
900 | 0.000400
901 | 0.000800
902 | 0.000700
903 | 0.001100
904 | 0.000300
905 | 0.000500
906 | 0.000300
907 | 0.000900
908 | 0.000400
909 | 0.000500
910 | 0.000200
911 | 0.001100
912 | 0.000300
913 | 0.000500
914 | 0.000300
915 | 0.000900
916 | 0.000300
917 | 0.000600
918 | 0.000500
919 | 0.001000
920 | 0.000500
921 | 0.002200
922 | 0.000400
923 | 0.000800
924 | 0.000500
925 | 0.000500
926 | 0.000400
927 | 0.002600
928 | 0.000300
929 | 0.000700
930 | 0.000300
931 | 0.000800
932 | 0.000300
933 | 0.000800
934 | 0.000300
935 | 0.000900
936 | 0.000500
937 | 0.000700
938 | 0.000500
939 | 0.000900
940 | 0.000300
941 | 0.000600
942 | 0.000400
943 | 0.001200
944 | 0.000300
945 | 0.000600
946 | 0.000700
947 | 0.000800
948 | 0.000300
949 | 0.000500
950 | 0.000500
951 | 0.001200
952 | 0.000400
953 | 0.000500
954 | 0.000400
955 | 0.000700
956 | 0.000600
957 | 0.000700
958 | 0.000600
959 | 0.001600
960 | 0.000300
961 | 0.000600
962 | 0.000400
963 | 0.000700
964 | 0.000300
965 | 0.000500
966 | 0.000600
967 | 0.001100
968 | 0.000300
969 | 0.000500
970 | 0.000500
971 | 0.000800
972 | 0.000400
973 | 0.000600
974 | 0.000500
975 | 0.001100
976 | 0.000600
977 | 0.001200
978 | 0.000500
979 | 0.000700
980 | 0.000300
981 | 0.000500
982 | 0.000400
983 | 0.001000
984 | 0.000300
985 | 0.000500
986 | 0.000800
987 | 0.000900
988 | 0.000400
989 | 0.000600
990 | 0.000300
991 | 0.001300
992 | 0.000300
993 | 0.000600
994 | 0.000500
995 | 0.001000
996 | 0.000400
997 | 0.000600
998 | 0.000400
999 | 0.001300
1000 | 0.000300
1001 | 0.000600
1002 | 0.000400
1003 | 0.000700
1004 | 0.000200
1005 | 0.000700
1006 | 0.000600
1007 | 0.001300
1008 | 0.000200
1009 | 0.000500
1010 | 0.000400
1011 | 0.000600
1012 | 0.000300
1013 | 0.000600
1014 | 0.000400
1015 | 0.001600
1016 | 0.000300
1017 | 0.001200
1018 | 0.001400
1019 | 0.000900
1020 | 0.000300
1021 | 0.000600
1022 | 0.000700
1023 | 0.004300
1024 | 0.000500
1025 | 0.000600
1026 | 0.000300
1027 | 0.000700
1028 | 0.000300
1029 | 0.000700
1030 | 0.000300
1031 | 0.001000
1032 | 0.000400
1033 | 0.001500
1034 | 0.000500
1035 | 0.001000
1036 | 0.000300
1037 | 0.001200
1038 | 0.000400
1039 | 0.001300
1040 | 0.000300
1041 | 0.000900
1042 | 0.000400
1043 | 0.001000
1044 | 0.000300
0 | 0.000300
1 | 0.000700
0 | 0.000400
1 | 0.000600
2 | 0.000300
2 | 0.000600
3 | 0.001800
4 | 0.000400
1 | 0.000600
3 | 0.000400
3 | 0.000400
2 | 0.000300
1 | 0.006700
0 | 0.000200
0 | 0.000300
1 | 0.000600
1 | 0.000500
2 | 0.000600
3 | 0.001000
6 | 0.000400
6 | 0.000300
4 | 0.000800
5 | 0.000600
6 | 0.000300
7 | 0.001200
7 | 0.001100
7 | 0.000200
6 | 0.000400
7 | 0.000300
7 | 0.000400
1 | 0.000600
2 | 0.000300
0 | 0.000400
1 | 0.000700
1 | 0.000600
1 | 0.000800
2 | 0.000300
1 | 0.000700
2 | 0.000600
1 | 0.001100
0 | 0.000300
3 | 0.000700
3 | 0.000300
5 | 0.000600
4 | 0.000900
4 | 0.000800
4 | 0.000700
4 | 0.001000
6 | 0.000400
7 | 0.000600
5 | 0.000800
6 | 0.000800
5 | 0.000500
4 | 0.000900
0 | 0.000300
1 | 0.000800
3 | 0.000900
4 | 0.000200
5 | 0.001300
4 | 0.000400
5 | 0.000700
2 | 0.000300
2 | 0.000400
2 | 0.000300
0 | 0.000300
0 | 0.000600
0 | 0.000400
0 | 0.001600
1 | 0.000700
3 | 0.000700
2 | 0.000300
1 | 0.001000
1 | 0.000600
2 | 0.000400
0 | 0.000500
2 | 0.000400
3 | 0.000300
4 | 0.000400
4 | 0.000900
5 | 0.000500
5 | 0.000600
4 | 0.000500
5 | 0.000500
7 | 0.000800
4 | 0.000200
6 | 0.001100
6 | 0.000400
7 | 0.000900
9 | 0.000600
9 | 0.000400
10 | 0.001300
9 | 0.001000
10 | 0.000400
10 | 0.000300
13 | 0.000600
13 | 0.001000
13 | 0.000800
13 | 0.000400
14 | 0.000600
13 | 0.000400
14 | 0.000800
15 | 0.000300
16 | 0.000900
17 | 0.001000
16 | 0.001100
15 | 0.000600
16 | 0.000600
17 | 0.000300
15 | 0.000400
15 | 0.000300
12 | 0.000600
10 | 0.000500
2 | 0.000800
3 | 0.001100
3 | 0.000400
5 | 0.000600
6 | 0.000300
7 | 0.000800
8 | 0.000300
8 | 0.000600
10 | 0.001000
12 | 0.000400
13 | 0.000400
10 | 0.000400
10 | 0.001000
10 | 0.002400
11 | 0.000800
11 | 0.000800
8 | 0.000400
9 | 0.000900
10 | 0.000200
12 | 0.000400
11 | 0.000400
11 | 0.000300
12 | 0.000700
10 | 0.000900
12 | 0.000800
14 | 0.000400
14 | 0.000300
13 | 0.000700
14 | 0.000400
15 | 0.000200
17 | 0.000600
16 | 0.000800
17 | 0.000900
19 | 0.000400
21 | 0.001200
20 | 0.000400
20 | 0.000400
21 | 0.000900
15 | 0.000500
16 | 0.000500
18 | 0.001400
19 | 0.000300
20 | 0.001600
19 | 0.000300
20 | 0.000900
19 | 0.001100
20 | 0.000700
19 | 0.000600
16 | 0.000600
16 | 0.001000
17 | 0.000400
18 | 0.000700
18 | 0.000300
18 | 0.001000
20 | 0.000800
20 | 0.000300
22 | 0.000500
22 | 0.001100
22 | 0.000300
23 | 0.000400
24 | 0.000900
22 | 0.000500
24 | 0.000600
25 | 0.000400
26 | 0.000600
20 | 0.000400
20 | 0.000600
20 | 0.000600
20 | 0.000600
20 | 0.000600
21 | 0.000300
23 | 0.000300
23 | 0.000500
24 | 0.000500
24 | 0.000800
27 | 0.000600
26 | 0.000600
27 | 0.000300
25 | 0.000900
26 | 0.000300
30 | 0.001200
31 | 0.000300
31 | 0.000200
32 | 0.000400
31 | 0.000900
33 | 0.000400
28 | 0.000400
29 | 0.001300
30 | 0.000300
30 | 0.000600
31 | 0.000300
29 | 0.001000
28 | 0.001000
28 | 0.000900
28 | 0.000400
28 | 0.001100
30 | 0.000400
30 | 0.000300
28 | 0.000900
28 | 0.000300
29 | 0.000500
30 | 0.000900
28 | 0.000700
31 | 0.000800
31 | 0.000700
32 | 0.000700
32 | 0.000400
34 | 0.001000
36 | 0.000400
33 | 0.000300
34 | 0.001200
32 | 0.000600
32 | 0.000400
33 | 0.000300
36 | 0.000900
35 | 0.000700
35 | 0.000300
35 | 0.000600
36 | 0.000300
37 | 0.000300
38 | 0.000900
39 | 0.000400
40 | 0.001300
41 | 0.000300
41 | 0.000300
42 | 0.001400
43 | 0.001300
44 | 0.000300
46 | 0.000500
45 | 0.000500
41 | 0.003500
41 | 0.000300
41 | 0.001400
41 | 0.000400
41 | 0.001400
42 | 0.000300
42 | 0.000700
41 | 0.001400
42 | 0.000400
41 | 0.000300
43 | 0.000500
44 | 0.000600
45 | 0.000400
43 | 0.000500
44 | 0.001500
968 | 0.000300
968 | 0.000700
971 | 0.000300
972 | 0.000700
971 | 0.001600
971 | 0.000300
973 | 0.001700
973 | 0.000300
973 | 0.000600
975 | 0.000300
976 | 0.001100
977 | 0.000500
974 | 0.001700
970 | 0.000300
971 | 0.000700
968 | 0.001300
969 | 0.001400
970 | 0.000300
967 | 0.000300
966 | 0.001600
963 | 0.000300
961 | 0.000300
960 | 0.000800
960 | 0.000800
960 | 0.000800
961 | 0.000400
961 | 0.000900
962 | 0.000300
964 | 0.001000
965 | 0.000600
966 | 0.000300
965 | 0.001000
965 | 0.001700
967 | 0.000900
968 | 0.000200
968 | 0.000400
971 | 0.000300
972 | 0.000500
966 | 0.000200
965 | 0.000700
966 | 0.001000
967 | 0.000300
963 | 0.000700
960 | 0.000300
959 | 0.000300
960 | 0.000300
959 | 0.000300
960 | 0.000400
960 | 0.000400
961 | 0.001000
961 | 0.000500
962 | 0.001000
963 | 0.000600
964 | 0.001000
966 | 0.000600
968 | 0.000600
968 | 0.000600
969 | 0.000300
970 | 0.000400
971 | 0.000600
968 | 0.007100
968 | 0.000600
966 | 0.000300
967 | 0.000500
968 | 0.000600
967 | 0.000400
967 | 0.001200
963 | 0.000600
964 | 0.000300
961 | 0.000600
963 | 0.000600
964 | 0.000300
961 | 0.000500
961 | 0.000400
954 | 0.000500
954 | 0.000500
955 | 0.000300
956 | 0.000900
956 | 0.000800
961 | 0.000700
962 | 0.000500
962 | 0.000400
963 | 0.000800
966 | 0.000700
964 | 0.000300
965 | 0.001100
966 | 0.000300
967 | 0.000500
967 | 0.000300
967 | 0.000500
962 | 0.000400
962 | 0.000500
952 | 0.000400
949 | 0.000400
948 | 0.000400
947 | 0.000600
947 | 0.001600
949 | 0.001700
948 | 0.001200
949 | 0.000500
942 | 0.000400
943 | 0.000600
944 | 0.000400
945 | 0.001300
945 | 0.001000
949 | 0.000400
949 | 0.004300
952 | 0.000500
953 | 0.000600
951 | 0.000400
950 | 0.000400
948 | 0.000500
949 | 0.000900
950 | 0.000300
951 | 0.001000
952 | 0.000400
952 | 0.000400
953 | 0.000300
953 | 0.000500
955 | 0.000600
960 | 0.001100
958 | 0.001200
956 | 0.000300
954 | 0.000300
956 | 0.000900
955 | 0.000400
955 | 0.000900
957 | 0.000200
956 | 0.000600
958 | 0.000200
959 | 0.000900
959 | 0.001200
960 | 0.001000
965 | 0.000500
966 | 0.000800
968 | 0.000700
967 | 0.000600
970 | 0.000300
971 | 0.000400
971 | 0.001000
965 | 0.000400
965 | 0.000300
965 | 0.001200
965 | 0.001200
967 | 0.001700
967 | 0.000300
969 | 0.000400
968 | 0.000600
969 | 0.000300
973 | 0.000400
974 | 0.000600
974 | 0.000500
977 | 0.000800
977 | 0.000400
977 | 0.000800
980 | 0.000700
981 | 0.000300
983 | 0.001000
983 | 0.000300
984 | 0.000900
983 | 0.001000
983 | 0.001000
984 | 0.000600
985 | 0.000900
986 | 0.000300
989 | 0.000400
982 | 0.000300
981 | 0.000600
982 | 0.000400
982 | 0.000500
983 | 0.000400
983 | 0.000300
982 | 0.004300
984 | 0.000600
984 | 0.000300
983 | 0.000600
984 | 0.000200
983 | 0.000500
977 | 0.000600
977 | 0.000700
978 | 0.000400
979 | 0.000300
980 | 0.000600
981 | 0.000300
976 | 0.000600
975 | 0.000500
976 | 0.000300
977 | 0.000700
981 | 0.000400
981 | 0.000900
976 | 0.000800
973 | 0.000700
975 | 0.000400
976 | 0.000700
977 | 0.000500
977 | 0.000900
978 | 0.000700
977 | 0.000500
977 | 0.000500
977 | 0.000300
978 | 0.000900
980 | 0.000400
978 | 0.001400
979 | 0.000900
980 | 0.000800
981 | 0.000400
977 | 0.000700
979 | 0.000300
979 | 0.000800
981 | 0.000400
975 | 0.000900
969 | 0.000500
967 | 0.000800
968 | 0.000300
968 | 0.000700
969 | 0.000300
967 | 0.000400
966 | 0.001000
968 | 0.001800
966 | 0.000300
967 | 0.000600
964 | 0.000900
964 | 0.000300
966 | 0.000700
966 | 0.000400
967 | 0.000500
968 | 0.000600
970 | 0.000700
971 | 0.000800
973 | 0.000500
970 | 0.000300
972 | 0.000800
973 | 0.000300
974 | 0.000500
975 | 0.000300
974 | 0.001500
974 | 0.001000
975 | 0.000300
971 | 0.000700
971 | 0.000300
972 | 0.001300
974 | 0.000400
973 | 0.000600
972 | 0.000300
973 | 0.000700
968 | 0.001100
971 | 0.001100
974 | 0.000400
975 | 0.000400
976 | 0.000700
975 | 0.000400
971 | 0.000400
970 | 0.000900
970 | 0.000400
970 | 0.000400
971 | 0.001000
971 | 0.000300
970 | 0.000600
970 | 0.000800
970 | 0.001400
970 | 0.000900
970 | 0.000300
971 | 0.000600
971 | 0.000500
972 | 0.000300
972 | 0.000300
973 | 0.000900
974 | 0.000300
973 | 0.000500
974 | 0.000700
975 | 0.000400
974 | 0.000600
974 | 0.000800
974 | 0.000900
975 | 0.000800
976 | 0.000300
977 | 0.000600
979 | 0.000700
978 | 0.000300
979 | 0.001100
977 | 0.000800
972 | 0.000500
973 | 0.000900
971 | 0.001000
973 | 0.000300
974 | 0.000500
975 | 0.000300
977 | 0.000900
978 | 0.000400
979 | 0.000400
979 | 0.000300
980 | 0.001100
981 | 0.000400
982 | 0.000600
982 | 0.000500
984 | 0.000500
987 | 0.000700
988 | 0.000800
988 | 0.000300
987 | 0.000400
988 | 0.001500
989 | 0.000200
989 | 0.000400
990 | 0.001100
983 | 0.000700
985 | 0.000300
987 | 0.001000
988 | 0.001100
989 | 0.000500
990 | 0.000400
991 | 0.001300
994 | 0.001000
996 | 0.000600
996 | 0.000500
994 | 0.000900
991 | 0.000500
986 | 0.000300
987 | 0.000900
985 | 0.000400
985 | 0.001400
986 | 0.000500
986 | 0.001500
986 | 0.000600
986 | 0.001200
985 | 0.000600
987 | 0.000800
988 | 0.000400
984 | 0.001300
981 | 0.000600
981 | 0.001000
982 | 0.000300
983 | 0.000800
980 | 0.000300
980 | 0.000300
984 | 0.001300
985 | 0.000300
986 | 0.000500
989 | 0.000700
988 | 0.000800
986 | 0.001400
986 | 0.000200
987 | 0.000900
987 | 0.001000
988 | 0.000900
989 | 0.000500
990 | 0.001700
991 | 0.000600
992 | 0.001100
993 | 0.000600
994 | 0.001000
995 | 0.000300
997 | 0.000600
994 | 0.000600
993 | 0.000900
995 | 0.000500
993 | 0.000900
994 | 0.000500
995 | 0.000300
996 | 0.000600
997 | 0.000300
998 | 0.001300
997 | 0.000400
998 | 0.001200
999 | 0.001000
998 | 0.000500
999 | 0.000500
996 | 0.000700
996 | 0.001000
996 | 0.001100
996 | 0.001700
996 | 0.000600
996 | 0.000400
997 | 0.000700
993 | 0.000800
995 | 0.001300
996 | 0.000300
996 | 0.000500
998 | 0.000600
1000 | 0.000300
993 | 0.000700
993 | 0.000400
995 | 0.000500
992 | 0.000300
994 | 0.000800
992 | 0.000800
994 | 0.000700
996 | 0.000400
995 | 0.000400
996 | 0.000600
997 | 0.000600
998 | 0.001800
998 | 0.000300
998 | 0.000600
998 | 0.000400
996 | 0.000400
998 | 0.000700
1000 | 0.000300
1002 | 0.001000
1000 | 0.000400
1000 | 0.000700
999 | 0.000400
1000 | 0.000700
997 | 0.001000
998 | 0.000300
999 | 0.000500
1000 | 0.000700
1001 | 0.000900
1001 | 0.000500
1002 | 0.000700
1003 | 0.000800
1000 | 0.000700
1001 | 0.000400
1003 | 0.000300
1002 | 0.000600
1003 | 0.000500
1005 | 0.000800
1006 | 0.000400
1003 | 0.000300
999 | 0.001000
998 | 0.001300
996 | 0.000700
996 | 0.000300
996 | 0.000500
997 | 0.000400
996 | 0.000300
994 | 0.000400
995 | 0.000800
993 | 0.000700
993 | 0.000700
996 | 0.000300
1000 | 0.000300
1001 | 0.001000
995 | 0.001200
991 | 0.000400
993 | 0.001400
993 | 0.000300
994 | 0.000600
990 | 0.000300
989 | 0.001000
990 | 0.001800
991 | 0.000400
992 | 0.000700
994 | 0.000300
990 | 0.001000
991 | 0.000500
993 | 0.000700
992 | 0.000700
994 | 0.000300
994 | 0.001100
993 | 0.000800
990 | 0.001300
990 | 0.000300
988 | 0.000800
989 | 0.000400
990 | 0.001300
990 | 0.000300
991 | 0.001300
991 | 0.000400
993 | 0.001200
993 | 0.000500
987 | 0.000400
987 | 0.000500
987 | 0.000300
986 | 0.000300
987 | 0.000500
988 | 0.000300
987 | 0.001300
988 | 0.000300
988 | 0.000300
989 | 0.000800
992 | 0.000300
992 | 0.000300
990 | 0.000400
991 | 0.000900
993 | 0.001600
994 | 0.000500
994 | 0.000900
990 | 0.000300
991 | 0.002800
985 | 0.000700
986 | 0.000400
986 | 0.000300
985 | 0.000900
986 | 0.001400
983 | 0.000400
984 | 0.000300
982 | 0.000800
981 | 0.000800
982 | 0.000500
975 | 0.000500
975 | 0.000600
975 | 0.000600
974 | 0.000600
975 | 0.000400
976 | 0.001000
976 | 0.000600
978 | 0.001400
977 | 0.000600
978 | 0.000300
977 | 0.000500
976 | 0.000400
977 | 0.000600
978 | 0.000300
979 | 0.000300
981 | 0.000500
981 | 0.000900
981 | 0.000700
982 | 0.000500
978 | 0.000400
978 | 0.000300
979 | 0.000500
979 | 0.000500
979 | 0.000300
980 | 0.000800
981 | 0.001200
982 | 0.000400
980 | 0.001100
980 | 0.001100
978 | 0.000400
979 | 0.000400
978 | 0.000600
978 | 0.000500
975 | 0.000300
976 | 0.000600
977 | 0.000300
979 | 0.001200
979 | 0.000500
981 | 0.003100
982 | 0.000900
981 | 0.000500
979 | 0.000200
978 | 0.000800
979 | 0.000300
980 | 0.001100
981 | 0.000400
981 | 0.000800
981 | 0.000300
982 | 0.000300
982 | 0.000300
982 | 0.001000
979 | 0.001200
981 | 0.000800
978 | 0.000900
978 | 0.001200
980 | 0.001500
974 | 0.001500
976 | 0.001600
975 | 0.001500
976 | 0.000600
975 | 0.000700
976 | 0.000500
976 | 0.000400
975 | 0.000700
975 | 0.000400
973 | 0.000300
975 | 0.000600
971 | 0.001100
970 | 0.001300
971 | 0.000900
974 | 0.000300
974 | 0.002100
973 | 0.000700
974 | 0.000600
975 | 0.001900
975 | 0.000400
965 | 0.001300
967 | 0.000300
968 | 0.000800
971 | 0.000500
970 | 0.000600
965 | 0.000700
966 | 0.000300
965 | 0.000800
966 | 0.000400
965 | 0.000600
965 | 0.000500
966 | 0.001600
967 | 0.000300
965 | 0.001000
966 | 0.000500
964 | 0.000700
966 | 0.000800
967 | 0.001400
968 | 0.000500
971 | 0.000400
974 | 0.000900
971 | 0.000400
972 | 0.000600
971 | 0.001300
968 | 0.001700
968 | 0.001300
969 | 0.000600
969 | 0.000900
967 | 0.001400
966 | 0.000600
967 | 0.000300
969 | 0.000400
966 | 0.000700
967 | 0.000300
968 | 0.000900
969 | 0.000500
968 | 0.000300
966 | 0.000800
967 | 0.000600
967 | 0.000700
966 | 0.000600
964 | 0.000400
965 | 0.000900
966 | 0.000400
967 | 0.000600
970 | 0.000300
971 | 0.000800
964 | 0.001300
965 | 0.000400
964 | 0.001000
963 | 0.000900
961 | 0.000600
960 | 0.001000
960 | 0.000800
964 | 0.000700
964 | 0.001000
966 | 0.000700
963 | 0.000600
964 | 0.000500
963 | 0.000700
962 | 0.000400
957 | 0.000500
957 | 0.000400
956 | 0.006700
956 | 0.000900
958 | 0.000600
958 | 0.000900
959 | 0.000300
960 | 0.000800
961 | 0.000400
963 | 0.000600
963 | 0.000400
963 | 0.000300
965 | 0.000700
966 | 0.000200
966 | 0.000300
971 | 0.000400
971 | 0.000400
972 | 0.000600
971 | 0.000300
974 | 0.001100
975 | 0.000500
974 | 0.000300
968 | 0.000800
969 | 0.000900
969 | 0.000600
970 | 0.000300
970 | 0.000600
971 | 0.000600
970 | 0.000400
969 | 0.000300
967 | 0.000200
967 | 0.000400
968 | 0.001400
966 | 0.000300
966 | 0.001200
967 | 0.000600
966 | 0.000200
966 | 0.000200
963 | 0.000500
964 | 0.000300
965 | 0.001000
966 | 0.000300
965 | 0.000700
962 | 0.000200
963 | 0.001000
960 | 0.000300
963 | 0.000600
964 | 0.000500
963 | 0.000500
963 | 0.000400
963 | 0.000600
964 | 0.000300
965 | 0.000900
966 | 0.000500
967 | 0.000600
969 | 0.000400
967 | 0.000300
969 | 0.000700
970 | 0.000400
969 | 0.000400
966 | 0.000400
964 | 0.000400
966 | 0.000500
961 | 0.000300
963 | 0.000800
964 | 0.001000
964 | 0.000600
963 | 0.000600
957 | 0.000500
958 | 0.000600
957 | 0.000300
957 | 0.001100
957 | 0.000700
959 | 0.000300
955 | 0.001200
956 | 0.000600
954 | 0.000300
954 | 0.000300
954 | 0.000300
955 | 0.000300
954 | 0.000700
952 | 0.000900
952 | 0.001400
953 | 0.000500
949 | 0.001600
946 | 0.000600
948 | 0.000300
949 | 0.000800
950 | 0.000400
951 | 0.000200
952 | 0.000600
952 | 0.000800
950 | 0.000200
948 | 0.000600
947 | 0.000600
947 | 0.001000
947 | 0.000400
946 | 0.000300
945 | 0.000300
944 | 0.000600
943 | 0.001300
944 | 0.000500
945 | 0.000700
946 | 0.000300
943 | 0.000400
941 | 0.000300
941 | 0.000300
938 | 0.000600
940 | 0.000400
940 | 0.001800
937 | 0.001500
939 | 0.000500
941 | 0.000300
941 | 0.000300
943 | 0.002600
945 | 0.000300
948 | 0.000200
945 | 0.000400
945 | 0.000300
947 | 0.000700
940 | 0.001000
942 | 0.001300
942 | 0.000400
943 | 0.001500
942 | 0.000300
940 | 0.000400
941 | 0.000400
942 | 0.000500
943 | 0.000300
939 | 0.001600
939 | 0.000700
940 | 0.000400
941 | 0.001400
939 | 0.000300
938 | 0.000300
939 | 0.000600
938 | 0.000500
935 | 0.000600
936 | 0.000500
937 | 0.001400
938 | 0.000700
939 | 0.000700
939 | 0.000300
940 | 0.000700
942 | 0.000300
942 | 0.000500
941 | 0.001000
941 | 0.000300
941 | 0.000600
938 | 0.000900
939 | 0.000500
940 | 0.000600
941 | 0.000300
941 | 0.000600
943 | 0.000300
943 | 0.000700
939 | 0.000500
938 | 0.000600
938 | 0.000400
935 | 0.000400
934 | 0.000500
935 | 0.000700
935 | 0.000300
936 | 0.000500
938 | 0.000300
938 | 0.001300
940 | 0.000600
941 | 0.000500
941 | 0.000500
939 | 0.000700
937 | 0.000300
939 | 0.000900
940 | 0.000200
941 | 0.000900
942 | 0.000500
941 | 0.000600
943 | 0.000300
944 | 0.000500
943 | 0.000300
944 | 0.000800
945 | 0.000400
947 | 0.000600
949 | 0.000300
949 | 0.000700
951 | 0.000300
951 | 0.000300
952 | 0.000400
954 | 0.001400
954 | 0.001000
956 | 0.000400
958 | 0.000400
960 | 0.000300
958 | 0.000800
958 | 0.001300
959 | 0.000400
960 | 0.000600
953 | 0.000700
954 | 0.000500
954 | 0.001100
955 | 0.001100
956 | 0.000800
960 | 0.000500
956 | 0.000800
957 | 0.000700
959 | 0.000500
960 | 0.001000
961 | 0.000400
959 | 0.000600
958 | 0.000600
954 | 0.000800
955 | 0.000300
956 | 0.000600
954 | 0.000800
953 | 0.000300
952 | 0.000300
951 | 0.000800
951 | 0.000300
950 | 0.000600
949 | 0.000900
945 | 0.000400
946 | 0.000900
948 | 0.000700
945 | 0.000400
946 | 0.001400
949 | 0.000200
951 | 0.000700
951 | 0.000900
952 | 0.000600
949 | 0.001400
949 | 0.000400
942 | 0.000300
944 | 0.000500
945 | 0.001100
947 | 0.000300
948 | 0.002200
949 | 0.000700
941 | 0.001100
943 | 0.000300
944 | 0.000300
942 | 0.000300
943 | 0.000500
943 | 0.000500
946 | 0.000900
947 | 0.002100
951 | 0.000400
952 | 0.000600
953 | 0.000200
953 | 0.000800
953 | 0.000300
947 | 0.000300
948 | 0.001600
950 | 0.000400
949 | 0.000400
950 | 0.000300
951 | 0.000500
950 | 0.000700
950 | 0.000500
950 | 0.000400
950 | 0.000400
952 | 0.000300
953 | 0.000300
953 | 0.000400
953 | 0.000400
953 | 0.000300
954 | 0.000900
955 | 0.000500
960 | 0.000300
961 | 0.001400
961 | 0.001000
958 | 0.001000
959 | 0.000300
960 | 0.000700
960 | 0.000400
961 | 0.000600
963 | 0.000500
962 | 0.000300
961 | 0.000700
962 | 0.000300
964 | 0.001000
965 | 0.001100
966 | 0.000400
966 | 0.000300
968 | 0.000200
965 | 0.000400
964 | 0.000300
963 | 0.001200
964 | 0.000600
965 | 0.000400
965 | 0.000300
966 | 0.000600
964 | 0.000800
965 | 0.000400
965 | 0.001100
962 | 0.001500
962 | 0.000300
964 | 0.000300
965 | 0.000900
963 | 0.000600
962 | 0.000600
962 | 0.000700
963 | 0.000600
963 | 0.000800
964 | 0.000400
959 | 0.000800
960 | 0.000300
955 | 0.000700
955 | 0.000400
956 | 0.000600
957 | 0.000300
958 | 0.000900
959 | 0.000600
960 | 0.000600
960 | 0.000600
961 | 0.000400
963 | 0.001000
962 | 0.001000
964 | 0.000300
963 | 0.001000
960 | 0.000600
961 | 0.000500
962 | 0.001400
963 | 0.000300
964 | 0.000600
966 | 0.000300
964 | 0.000200
965 | 0.000600
966 | 0.000300
965 | 0.000700
968 | 0.000700
969 | 0.000400
969 | 0.000600
970 | 0.000300
969 | 0.000600
969 | 0.000800
970 | 0.000300
971 | 0.000600
968 | 0.000700
967 | 0.000400
967 | 0.000300
966 | 0.000900
967 | 0.000300
969 | 0.000700
970 | 0.000300
971 | 0.001400
972 | 0.000300
971 | 0.000300
972 | 0.000700
969 | 0.000400
968 | 0.000600
967 | 0.001600
965 | 0.000300
959 | 0.000300
959 | 0.000300
960 | 0.000300
962 | 0.001100
963 | 0.000500
964 | 0.000800
965 | 0.000200
965 | 0.000400
965 | 0.000300
966 | 0.001200
965 | 0.000800
966 | 0.000200
968 | 0.000800
969 | 0.000300
969 | 0.000300
969 | 0.000200
970 | 0.000500
964 | 0.000900
965 | 0.000600
964 | 0.000500
965 | 0.000500
966 | 0.001500
966 | 0.000500
967 | 0.000300
968 | 0.000800
971 | 0.000400
970 | 0.002400
967 | 0.000600
968 | 0.000200
969 | 0.000400
969 | 0.000300
970 | 0.001600
970 | 0.000300
971 | 0.000500
967 | 0.000300
966 | 0.000400
966 | 0.000700
967 | 0.000300
967 | 0.000300
969 | 0.000800
967 | 0.000900
969 | 0.000300
966 | 0.000600
967 | 0.000300
963 | 0.000300
965 | 0.001100
962 | 0.000500
967 | 0.000900
969 | 0.000600
970 | 0.001000
970 | 0.000400
969 | 0.001200
967 | 0.001000
965 | 0.001200
965 | 0.000300
965 | 0.000500
970 | 0.000700
971 | 0.000300
967 | 0.000400
967 | 0.000600
966 | 0.000500
967 | 0.000600
968 | 0.001000
969 | 0.000600
970 | 0.000300
971 | 0.000700
971 | 0.000900
970 | 0.001300
969 | 0.001100
966 | 0.001700
967 | 0.000400
968 | 0.000600
970 | 0.000300
971 | 0.000800
972 | 0.000300
973 | 0.000500
971 | 0.000900
968 | 0.000300
968 | 0.000900
967 | 0.000600
963 | 0.000800
965 | 0.000300
964 | 0.000300
962 | 0.000300
962 | 0.001000
960 | 0.000300
962 | 0.000600
963 | 0.000500
964 | 0.000900
964 | 0.000400
963 | 0.001300
963 | 0.000800
964 | 0.000300
965 | 0.000500
966 | 0.000300
958 | 0.000600
960 | 0.000400
961 | 0.000300
962 | 0.000400
963 | 0.001100
965 | 0.000400
970 | 0.000200
969 | 0.000600
967 | 0.000400
970 | 0.000900
971 | 0.000500
972 | 0.000600
972 | 0.000300
973 | 0.000900
974 | 0.000300
974 | 0.000400
976 | 0.000300
978 | 0.000800
979 | 0.002300
980 | 0.000300
981 | 0.000700
981 | 0.000500
981 | 0.002000
982 | 0.000800
983 | 0.000800
980 | 0.000400
983 | 0.000300
984 | 0.001400
985 | 0.000400
983 | 0.002100
972 | 0.000600
972 | 0.000300
974 | 0.000700
975 | 0.000700
974 | 0.000500
973 | 0.001200
974 | 0.000500
975 | 0.000700
976 | 0.000500
966 | 0.000400
967 | 0.000600
967 | 0.000500
968 | 0.000600
969 | 0.000600
963 | 0.000600
965 | 0.000400
964 | 0.000600
964 | 0.000900
965 | 0.000300
966 | 0.001100
968 | 0.001100
964 | 0.000300
