1 | 0.000100
1 | 0.000000
4 | 0.000000
1 | 0.000000
1 | 0.000000
1 | 0.000000
3 | 0.000000
3 | 0.000000
4 | 0.000000
3 | 0.000100
3 | 0.000000
3 | 0.000100
6 | 0.000000
4 | 0.000100
2 | 0.000100
2 | 0.000100
2 | 0.000100
2 | 0.000100
10 | 0.000000
10 | 0.000100
10 | 0.000000
9 | 0.000000
9 | 0.000100
9 | 0.000100
17 | 0.000100
15 | 0.000100
15 | 0.000000
16 | 0.000000
15 | 0.000100
14 | 0.000000
15 | 0.000100
9 | 0.000000
8 | 0.000100
7 | 0.000000
9 | 0.000000
9 | 0.000000
9 | 0.000000
13 | 0.000100
13 | 0.000000
12 | 0.000000
12 | 0.000000
10 | 0.000000
12 | 0.000000
11 | 0.000000
9 | 0.000100
9 | 0.000100
7 | 0.000100
6 | 0.000100
3 | 0.000000
3 | 0.000000
5 | 0.000100
6 | 0.000100
6 | 0.000000
6 | 0.000100
9 | 0.000000
8 | 0.000000
10 | 0.000000
11 | 0.000100
10 | 0.000000
13 | 0.000000
12 | 0.000000
12 | 0.000100
8 | 0.000000
7 | 0.000000
3 | 0.000100
0 | 0.000100
1 | 0.000000
2 | 0.000100
2 | 0.000000
1 | 0.000100
5 | 0.000000
4 | 0.000000
2 | 0.000100
4 | 0.000100
3 | 0.000000
1 | 0.000000
3 | 0.000100
2 | 0.000100
3 | 0.000000
3 | 0.000000
3 | 0.000000
1 | 0.000000
1 | 0.000000
2 | 0.000100
3 | 0.000000
4 | 0.000000
5 | 0.000100
2 | 0.000000
0 | 0.000100
0 | 0.000000
0 | 0.000000
0 | 0.000000
0 | 0.000100
0 | 0.000000
0 | 0.000000
0 | 0.000000
0 | 0.000100
0 | 0.000000
0 | 0.000000
0 | 0.000100
5 | 0.000100
5 | 0.000100
5 | 0.000000
7 | 0.000000
4 | 0.000000
0 | 0.000100
0 | 0.000000
0 | 0.000000
0 | 0.000000
2 | 0.000000
5 | 0.000000
5 | 0.000000
2 | 0.000000
2 | 0.000000
2 | 0.000000
6 | 0.000000
5 | 0.000100
6 | 0.000000
4 | 0.000100
2 | 0.000000
0 | 0.000000
0 | 0.000100
3 | 0.000000
6 | 0.000000
3 | 0.000000
3 | 0.000000
3 | 0.000100
3 | 0.000100
4 | 0.000000
4 | 0.000000
2 | 0.000000
1 | 0.000100
1 | 0.000100
1 | 0.000000
3 | 0.000100
3 | 0.000000
1 | 0.000000
0 | 0.000100
0 | 0.000000
0 | 0.000000
0 | 0.000000
0 | 0.000100
1 | 0.000100
4 | 0.000000
1 | 0.000000
2 | 0.000000
0 | 0.000000
0 | 0.000100
3 | 0.000100
4 | 0.000000
5 | 0.000100
7 | 0.000100
6 | 0.000000
5 | 0.000100
1 | 0.000100
1 | 0.000100
1 | 0.000100
1 | 0.000100
2 | 0.000000
1 | 0.000100
2 | 0.000100
0 | 0.000100
0 | 0.000000
2 | 0.000000
1 | 0.000000
1 | 0.000000
1 | 0.000100
1 | 0.000000
1 | 0.000100
1 | 0.000100
2 | 0.000100
2 | 0.000000
3 | 0.000100
4 | 0.000000
6 | 0.000100
7 | 0.000100
7 | 0.000000
9 | 0.000000
10 | 0.000000
11 | 0.000000
8 | 0.000000
8 | 0.000000
15 | 0.000100
13 | 0.000100
13 | 0.000000
14 | 0.000000
13 | 0.000000
13 | 0.000100
14 | 0.000000
12 | 0.000000
11 | 0.000000
10 | 0.000000
11 | 0.000100
10 | 0.000100
9 | 0.000100
7 | 0.000100
7 | 0.000100
7 | 0.000100
6 | 0.000000
7 | 0.000000
8 | 0.000000
7 | 0.000100
8 | 0.000100
7 | 0.000000
4 | 0.000100
5 | 0.000100
1 | 0.000000
0 | 0.000000
0 | 0.000100
0 | 0.000000
3 | 0.000100
5 | 0.000000
0 | 0.000000
0 | 0.000100
1 | 0.000000
1 | 0.000000
0 | 0.000100
0 | 0.000000
2 | 0.000000
1 | 0.000100
3 | 0.000000
4 | 0.000100
4 | 0.000000
5 | 0.000000
8 | 0.000100
8 | 0.000100
8 | 0.000000
9 | 0.000100
9 | 0.000000
6 | 0.000000
6 | 0.000100
6 | 0.000000
1 | 0.000000
1 | 0.000100
2 | 0.000000
3 | 0.000000
3 | 0.000000
2 | 0.000100
2 | 0.000100
3 | 0.000100
5 | 0.000000
5 | 0.000000
5 | 0.000100
3 | 0.000000
4 | 0.000100
5 | 0.000000
4 | 0.000000
4 | 0.000100
4 | 0.000000
5 | 0.000100
5 | 0.000100
6 | 0.000000
6 | 0.000100
6 | 0.000000
1 | 0.000100
3 | 0.000100
3 | 0.000100
4 | 0.000000
1 | 0.000000
1 | 0.000000
2 | 0.000000
0 | 0.000000
0 | 0.000100
0 | 0.000100
1 | 0.000100
1 | 0.000100
1 | 0.000000
3 | 0.000000
2 | 0.000000
3 | 0.000100
8 | 0.000000
8 | 0.000000
8 | 0.000100
8 | 0.000000
8 | 0.000100
10 | 0.000000
11 | 0.000000
8 | 0.000000
9 | 0.000000
9 | 0.000000
12 | 0.000000
14 | 0.000000
14 | 0.000100
12 | 0.000000
18 | 0.000000
19 | 0.000000
18 | 0.000100
18 | 0.000000
19 | 0.000100
19 | 0.000100
18 | 0.000100
17 | 0.000000
17 | 0.000000
21 | 0.000000
19 | 0.000100
19 | 0.000000
20 | 0.000000
23 | 0.000000
25 | 0.000100
24 | 0.000100
23 | 0.000100
24 | 0.000000
24 | 0.000000
25 | 0.000000
23 | 0.000100
27 | 0.000000
29 | 0.000000
27 | 0.000100
27 | 0.000100
25 | 0.000000
25 | 0.000100
26 | 0.000000
24 | 0.000000
21 | 0.000000
21 | 0.000000
22 | 0.000000
22 | 0.000000
22 | 0.000100
21 | 0.000000
18 | 0.000000
17 | 0.000000
19 | 0.000000
17 | 0.000000
20 | 0.000000
16 | 0.000100
14 | 0.000000
9 | 0.000100
9 | 0.000000
11 | 0.000100
11 | 0.000100
8 | 0.000000
10 | 0.000000
9 | 0.000000
8 | 0.000000
8 | 0.000000
8 | 0.000000
6 | 0.000000
7 | 0.000000
8 | 0.000100
11 | 0.000000
12 | 0.000000
12 | 0.000000
15 | 0.000000
15 | 0.000000
15 | 0.000100
15 | 0.000100
15 | 0.000000
14 | 0.000000
15 | 0.000100
16 | 0.000100
15 | 0.000100
15 | 0.000000
15 | 0.000000
10 | 0.000000
8 | 0.000000
9 | 0.000000
11 | 0.000100
13 | 0.000000
14 | 0.000100
14 | 0.000000
10 | 0.000000
10 | 0.000000
10 | 0.000100
11 | 0.000100
11 | 0.000000
11 | 0.000000
11 | 0.000100
12 | 0.000100
13 | 0.000000
12 | 0.000000
12 | 0.000100
13 | 0.000100
15 | 0.000000
14 | 0.000100
14 | 0.000000
15 | 0.000000
15 | 0.000000
16 | 0.000000
13 | 0.000100
13 | 0.000000
14 | 0.000000
13 | 0.000000
13 | 0.000100
15 | 0.000000
15 | 0.000000
15 | 0.000000
10 | 0.000100
11 | 0.000100
11 | 0.000000
8 | 0.000000
9 | 0.000000
15 | 0.000000
13 | 0.000100
12 | 0.000000
11 | 0.000100
13 | 0.000100
11 | 0.000000
13 | 0.000100
11 | 0.000000
17 | 0.000100
16 | 0.000000
12 | 0.000000
12 | 0.000000
13 | 0.000000
13 | 0.000000
8 | 0.000000
14 | 0.000000
14 | 0.000000
14 | 0.000000
14 | 0.000100
16 | 0.000100
19 | 0.000100
19 | 0.000000
20 | 0.000000
18 | 0.000100
15 | 0.000000
15 | 0.000000
13 | 0.000000
11 | 0.000000
20 | 0.000100
22 | 0.000000
19 | 0.000000
19 | 0.000000
19 | 0.000100
21 | 0.000100
20 | 0.000000
16 | 0.000000
14 | 0.000000
16 | 0.000000
13 | 0.000000
8 | 0.000100
9 | 0.000100
10 | 0.000000
8 | 0.000100
9 | 0.000100
16 | 0.000000
14 | 0.000000
14 | 0.000000
17 | 0.000000
17 | 0.000000
16 | 0.000100
21 | 0.000100
18 | 0.000000
17 | 0.000000
17 | 0.000100
18 | 0.000000
20 | 0.000100
20 | 0.000000
20 | 0.000000
21 | 0.000000
22 | 0.000100
17 | 0.000000
17 | 0.000000
18 | 0.000000
17 | 0.000000
17 | 0.000000
14 | 0.000100
15 | 0.000000
19 | 0.000000
16 | 0.000100
20 | 0.000000
20 | 0.000100
22 | 0.000000
23 | 0.000000
24 | 0.000000
24 | 0.000100
24 | 0.000100
24 | 0.000100
25 | 0.000000
26 | 0.000100
27 | 0.000100
23 | 0.000000
24 | 0.000000
20 | 0.000100
19 | 0.000000
18 | 0.000000
19 | 0.000000
20 | 0.000100
19 | 0.000100
20 | 0.000000
16 | 0.000000
16 | 0.000000
15 | 0.000000
12 | 0.000100
12 | 0.000000
12 | 0.000000
15 | 0.000000
15 | 0.000100
15 | 0.000100
16 | 0.000100
16 | 0.000000
16 | 0.000100
15 | 0.000000
18 | 0.000000
18 | 0.000100
18 | 0.000000
18 | 0.000100
17 | 0.000100
17 | 0.000000
17 | 0.000000
19 | 0.000100
21 | 0.000000
20 | 0.000000
19 | 0.000000
19 | 0.000100
18 | 0.000100
18 | 0.000100
18 | 0.000100
21 | 0.000000
20 | 0.000100
24 | 0.000000
24 | 0.000100
22 | 0.000100
23 | 0.000000
23 | 0.000100
25 | 0.000000
23 | 0.000100
24 | 0.000000
24 | 0.000100
24 | 0.000100
25 | 0.000000
29 | 0.000100
28 | 0.000100
28 | 0.000100
27 | 0.000000
31 | 0.000000
34 | 0.000100
32 | 0.000000
29 | 0.000000
29 | 0.000000
29 | 0.000000
32 | 0.000000
32 | 0.000000
26 | 0.000000
26 | 0.000000
24 | 0.000100
26 | 0.000100
26 | 0.000000
24 | 0.000000
25 | 0.000100
24 | 0.000000
25 | 0.000100
28 | 0.000000
20 | 0.000000
18 | 0.000100
18 | 0.000100
18 | 0.000000
18 | 0.000000
18 | 0.000000
17 | 0.000100
17 | 0.000000
18 | 0.000000
24 | 0.000000
25 | 0.000000
24 | 0.000100
24 | 0.000000
25 | 0.000000
25 | 0.000000
27 | 0.000100
26 | 0.000100
29 | 0.000000
29 | 0.000100
30 | 0.000000
26 | 0.000000
26 | 0.000000
28 | 0.000000
29 | 0.000000
28 | 0.000000
27 | 0.000000
28 | 0.000000
29 | 0.000000
28 | 0.000000
29 | 0.000000
30 | 0.000000
29 | 0.000000
29 | 0.000000
29 | 0.000100
27 | 0.000100
27 | 0.000000
27 | 0.000100
27 | 0.000000
26 | 0.000000
30 | 0.000000
30 | 0.000000
29 | 0.000000
29 | 0.000000
25 | 0.000100
18 | 0.000000
18 | 0.000000
19 | 0.000100
19 | 0.000100
19 | 0.000000
12 | 0.000000
13 | 0.000000
9 | 0.000000
9 | 0.000100
8 | 0.000000
10 | 0.000100
10 | 0.000100
10 | 0.000100
7 | 0.000000
7 | 0.000100
9 | 0.000100
8 | 0.000000
12 | 0.000100
13 | 0.000000
16 | 0.000100
14 | 0.000000
13 | 0.000000
15 | 0.000000
14 | 0.000000
14 | 0.000100
13 | 0.000000
11 | 0.000000
11 | 0.000100
11 | 0.000000
11 | 0.000000
11 | 0.000000
12 | 0.000000
11 | 0.000100
13 | 0.000100
14 | 0.000100
13 | 0.000000
13 | 0.000000
13 | 0.000000
10 | 0.000100
8 | 0.000100
9 | 0.000100
9 | 0.000000
11 | 0.000000
12 | 0.000100
13 | 0.000000
12 | 0.000000
11 | 0.000100
13 | 0.000000
13 | 0.000000
13 | 0.000100
13 | 0.000000
13 | 0.000000
15 | 0.000100
14 | 0.000000
13 | 0.000000
9 | 0.000000
9 | 0.000100
10 | 0.000000
10 | 0.000000
8 | 0.000000
6 | 0.000000
5 | 0.000000
5 | 0.000000
7 | 0.000100
8 | 0.000000
7 | 0.000100
7 | 0.000000
7 | 0.000000
7 | 0.000000
7 | 0.000000
7 | 0.000000
0 | 0.000100
0 | 0.000000
2 | 0.000000
0 | 0.000000
1 | 0.000000
1 | 0.000100
3 | 0.000000
2 | 0.000100
3 | 0.000000
3 | 0.000000
2 | 0.000000
2 | 0.000000
3 | 0.000100
9 | 0.000000
9 | 0.000000
11 | 0.000000
9 | 0.000100
11 | 0.000000
11 | 0.000100
11 | 0.000000
7 | 0.000000
9 | 0.000000
9 | 0.000100
5 | 0.000000
8 | 0.000100
9 | 0.000000
9 | 0.000000
9 | 0.000000
9 | 0.000000
8 | 0.000100
7 | 0.000000
5 | 0.000000
5 | 0.000000
5 | 0.000000
13 | 0.000000
16 | 0.000000
16 | 0.000100
17 | 0.000100
18 | 0.000000
14 | 0.000000
13 | 0.000000
13 | 0.000000
12 | 0.000000
10 | 0.000100
10 | 0.000100
14 | 0.000000
14 | 0.000000
20 | 0.000000
21 | 0.000100
23 | 0.000000
24 | 0.000000
23 | 0.000000
24 | 0.000100
26 | 0.000000
25 | 0.000000
25 | 0.000000
26 | 0.000100
26 | 0.000100
26 | 0.000000
26 | 0.000000
26 | 0.000100
27 | 0.000100
28 | 0.000000
25 | 0.000100
21 | 0.000100
21 | 0.000000
20 | 0.000000
19 | 0.000000
19 | 0.000000
21 | 0.000100
21 | 0.000000
28 | 0.000000
28 | 0.000000
27 | 0.000100
28 | 0.000100
29 | 0.000000
28 | 0.000100
29 | 0.000000
30 | 0.000100
30 | 0.000000
32 | 0.000000
32 | 0.000000
32 | 0.000000
30 | 0.000000
30 | 0.000000
29 | 0.000100
29 | 0.000100
29 | 0.000100
29 | 0.000100
29 | 0.000100
28 | 0.000100
29 | 0.000000
30 | 0.000000
25 | 0.000000
22 | 0.000000
26 | 0.000000
26 | 0.000000
28 | 0.000000
31 | 0.000100
31 | 0.000000
32 | 0.000100
31 | 0.000000
29 | 0.000000
29 | 0.000100
26 | 0.000000
26 | 0.000000
25 | 0.000000
25 | 0.000000
24 | 0.000000
23 | 0.000100
24 | 0.000000
23 | 0.000000
21 | 0.000000
21 | 0.000000
21 | 0.000000
21 | 0.000100
21 | 0.000000
26 | 0.000000
24 | 0.000100
22 | 0.000100
19 | 0.000100
20 | 0.000100
18 | 0.000100
15 | 0.000000
12 | 0.000000
12 | 0.000000
12 | 0.000000
11 | 0.000000
10 | 0.000000
9 | 0.000000
9 | 0.000000
7 | 0.000000
6 | 0.000000
6 | 0.000000
8 | 0.000100
9 | 0.000100
9 | 0.000000
9 | 0.000000
7 | 0.000100
7 | 0.000000
6 | 0.000100
7 | 0.000100
9 | 0.000100
12 | 0.000000
10 | 0.000100
10 | 0.000000
12 | 0.000000
11 | 0.000000
12 | 0.000000
13 | 0.000000
9 | 0.000100
10 | 0.000100
11 | 0.000000
13 | 0.000100
11 | 0.000100
10 | 0.000100
16 | 0.000000
15 | 0.000000
12 | 0.000000
11 | 0.000000
8 | 0.000000
8 | 0.000000
11 | 0.000000
11 | 0.000000
11 | 0.000100
11 | 0.000100
12 | 0.000100
11 | 0.000000
12 | 0.000000
12 | 0.000000
13 | 0.000100
12 | 0.000000
11 | 0.000100
10 | 0.000000
11 | 0.000000
11 | 0.000000
12 | 0.000100
12 | 0.000000
12 | 0.000000
12 | 0.000100
12 | 0.000100
12 | 0.000000
13 | 0.000000
13 | 0.000100
11 | 0.000000
11 | 0.000100
11 | 0.000100
13 | 0.000100
12 | 0.000000
12 | 0.000100
13 | 0.000000
12 | 0.000000
12 | 0.000100
12 | 0.000000
12 | 0.000000
12 | 0.000100
9 | 0.000100
7 | 0.000100
4 | 0.000000
2 | 0.000000
6 | 0.000000
7 | 0.000000
7 | 0.000000
7 | 0.000100
7 | 0.000000
3 | 0.000000
3 | 0.000000
2 | 0.000000
2 | 0.000100
2 | 0.000000
4 | 0.000000
4 | 0.000000
5 | 0.000100
6 | 0.000100
6 | 0.000100
5 | 0.000000
5 | 0.000000
0 | 0.000000
0 | 0.000100
0 | 0.000000
1 | 0.000100
3 | 0.000100
3 | 0.000100
2 | 0.000100
3 | 0.000100
7 | 0.000100
5 | 0.000100
6 | 0.000100
8 | 0.000000
7 | 0.000000
5 | 0.000000
6 | 0.000000
4 | 0.000000
3 | 0.000100
4 | 0.000000
4 | 0.000000
2 | 0.000000
2 | 0.000000
9 | 0.000100
9 | 0.000000
10 | 0.000000
10 | 0.000100
9 | 0.000100
9 | 0.000100
7 | 0.000000
12 | 0.000000
13 | 0.000100
12 | 0.000100
14 | 0.000100
14 | 0.000000
16 | 0.000100
16 | 0.000000
17 | 0.000100
17 | 0.000000
18 | 0.000000
14 | 0.000000
14 | 0.000000
14 | 0.000000
14 | 0.000100
14 | 0.000000
12 | 0.000100
12 | 0.000000
12 | 0.000100
10 | 0.000000
10 | 0.000100
10 | 0.000000
8 | 0.000000
4 | 0.000000
4 | 0.000000
4 | 0.000000
7 | 0.000100
9 | 0.000000
9 | 0.000100
10 | 0.000000
10 | 0.000000
11 | 0.000000
9 | 0.000100
4 | 0.000100
6 | 0.000000
6 | 0.000000
7 | 0.000000
8 | 0.000100
8 | 0.000100
5 | 0.000000
6 | 0.000100
6 | 0.000000
6 | 0.000000
10 | 0.000000
16 | 0.000100
16 | 0.000000
20 | 0.000000
18 | 0.000000
19 | 0.000000
19 | 0.000000
19 | 0.000000
19 | 0.000000
18 | 0.000000
17 | 0.000000
21 | 0.000100
21 | 0.000000
20 | 0.000100
22 | 0.000100
22 | 0.000100
21 | 0.000000
23 | 0.000000
23 | 0.000000
24 | 0.000000
25 | 0.000000
23 | 0.000100
23 | 0.000000
23 | 0.000000
23 | 0.000000
26 | 0.000000
28 | 0.000000
28 | 0.000100
29 | 0.000100
37 | 0.000100
38 | 0.000000
38 | 0.000000
41 | 0.000000
41 | 0.000000
40 | 0.000000
39 | 0.000100
39 | 0.000000
39 | 0.000100
38 | 0.000000
38 | 0.000100
37 | 0.000000
37 | 0.000100
35 | 0.000000
39 | 0.000100
39 | 0.000100
46 | 0.000100
47 | 0.000000
49 | 0.000100
49 | 0.000000
49 | 0.000000
49 | 0.000000
47 | 0.000000
49 | 0.000000
49 | 0.000100
48 | 0.000000
49 | 0.000000
48 | 0.000100
48 | 0.000000
46 | 0.000000
46 | 0.000000
45 | 0.000000
45 | 0.000000
42 | 0.000000
37 | 0.000000
37 | 0.000100
37 | 0.000100
32 | 0.000000
32 | 0.000000
32 | 0.000100
33 | 0.000000
34 | 0.000000
34 | 0.000100
34 | 0.000000
39 | 0.000000
31 | 0.000000
31 | 0.000100
34 | 0.000000
34 | 0.000100
32 | 0.000000
30 | 0.000100
31 | 0.000000
32 | 0.000000
33 | 0.000000
35 | 0.000000
34 | 0.000100
34 | 0.000000
32 | 0.000000
32 | 0.000000
31 | 0.000000
32 | 0.000100
32 | 0.000000
33 | 0.000100
33 | 0.000100
37 | 0.000100
41 | 0.000100
41 | 0.000100
36 | 0.000100
35 | 0.000100
39 | 0.000100
37 | 0.000100
36 | 0.000100
32 | 0.000000
31 | 0.000100
31 | 0.000100
34 | 0.000000
34 | 0.000000
39 | 0.000000
37 | 0.000000
37 | 0.000100
37 | 0.000000
35 | 0.000000
29 | 0.000000
26 | 0.000000
27 | 0.000000
29 | 0.000100
31 | 0.000000
29 | 0.000100
29 | 0.000100
29 | 0.000000
31 | 0.000100
34 | 0.000000
37 | 0.000100
38 | 0.000100
38 | 0.000100
40 | 0.000100
40 | 0.000100
39 | 0.000000
43 | 0.000100
45 | 0.000000
46 | 0.000000
45 | 0.000000
45 | 0.000000
44 | 0.000000
45 | 0.000000
47 | 0.000000
48 | 0.000000
48 | 0.000000
47 | 0.000100
48 | 0.000000
47 | 0.000000
46 | 0.000000
42 | 0.000000
43 | 0.000100
46 | 0.000000
45 | 0.000000
44 | 0.000100
44 | 0.000000
44 | 0.000000
45 | 0.000000
45 | 0.000000
46 | 0.000000
46 | 0.000000
45 | 0.000000
46 | 0.000000
45 | 0.000000
45 | 0.000000
44 | 0.000000
43 | 0.000100
45 | 0.000000
45 | 0.000000
45 | 0.000000
46 | 0.000000
46 | 0.000100
48 | 0.000000
50 | 0.000100
52 | 0.000100
52 | 0.000100
47 | 0.000000
46 | 0.000000
40 | 0.000100
40 | 0.000000
39 | 0.000100
38 | 0.000000
37 | 0.000000
41 | 0.000000
40 | 0.000100
37 | 0.000000
38 | 0.000000
38 | 0.000100
38 | 0.000100
38 | 0.000000
41 | 0.000100
40 | 0.000100
39 | 0.000000
38 | 0.000100
38 | 0.000100
38 | 0.000100
37 | 0.000000
38 | 0.000000
39 | 0.000000
41 | 0.000000
41 | 0.000100
42 | 0.000100
40 | 0.000000
44 | 0.000000
44 | 0.000000
43 | 0.000000
44 | 0.000000
44 | 0.000100
43 | 0.000000
38 | 0.000100
42 | 0.000100
43 | 0.000000
43 | 0.000000
44 | 0.000000
45 | 0.000100
47 | 0.000000
51 | 0.000000
51 | 0.000000
49 | 0.000100
49 | 0.000000
51 | 0.000100
50 | 0.000000
52 | 0.000100
53 | 0.000000
50 | 0.000100
50 | 0.000000
50 | 0.000000
48 | 0.000000
48 | 0.000000
47 | 0.000100
44 | 0.000000
44 | 0.000100
43 | 0.000000
44 | 0.000100
44 | 0.000100
47 | 0.000000
49 | 0.000100
49 | 0.000000
50 | 0.000100
55 | 0.000000
55 | 0.000000
61 | 0.000000
67 | 0.000100
73 | 0.000100
74 | 0.000100
75 | 0.000000
75 | 0.000100
78 | 0.000000
78 | 0.000000
77 | 0.000100
77 | 0.000100
76 | 0.000000
77 | 0.000000
76 | 0.000000
76 | 0.000000
74 | 0.000100
75 | 0.000100
76 | 0.000000
76 | 0.000100
76 | 0.000000
76 | 0.000000
76 | 0.000000
77 | 0.000100
77 | 0.000100
76 | 0.000100
79 | 0.000100
77 | 0.000100
74 | 0.000000
73 | 0.000100
73 | 0.000000
69 | 0.000100
69 | 0.000100
70 | 0.000000
70 | 0.000100
72 | 0.000000
72 | 0.000100
75 | 0.000200
73 | 0.000100
79 | 0.000100
77 | 0.000100
83 | 0.000100
83 | 0.000100
80 | 0.000100
78 | 0.000100
80 | 0.000100
80 | 0.000000
82 | 0.000000
82 | 0.000000
81 | 0.000000
81 | 0.000000
81 | 0.000100
82 | 0.000000
81 | 0.000100
81 | 0.000000
81 | 0.000100
81 | 0.000000
79 | 0.000100
80 | 0.000000
79 | 0.000000
79 | 0.000000
79 | 0.000100
79 | 0.000000
79 | 0.000000
81 | 0.000000
80 | 0.000100
80 | 0.000100
82 | 0.000000
80 | 0.000000
83 | 0.000100
83 | 0.000100
84 | 0.000100
81 | 0.000000
81 | 0.000100
81 | 0.000000
82 | 0.000100
84 | 0.000000
84 | 0.000000
85 | 0.000100
84 | 0.000000
85 | 0.000000
85 | 0.000100
86 | 0.000100
81 | 0.000000
83 | 0.000100
84 | 0.000100
83 | 0.000000
83 | 0.000000
86 | 0.000100
86 | 0.000100
86 | 0.000100
84 | 0.000000
84 | 0.000000
82 | 0.000000
89 | 0.000000
89 | 0.000000
89 | 0.000100
91 | 0.000100
91 | 0.000100
90 | 0.000100
90 | 0.000100
89 | 0.000100
89 | 0.000000
89 | 0.000100
90 | 0.000000
91 | 0.000100
87 | 0.000100
86 | 0.000100
84 | 0.000000
83 | 0.000000
84 | 0.000000
85 | 0.000100
87 | 0.000000
84 | 0.000100
84 | 0.000100
82 | 0.000000
83 | 0.000000
84 | 0.000000
84 | 0.000100
81 | 0.000100
79 | 0.000000
77 | 0.000000
77 | 0.000000
77 | 0.000100
74 | 0.000100
74 | 0.000100
74 | 0.000000
74 | 0.000100
74 | 0.000000
74 | 0.000000
71 | 0.000000
72 | 0.000100
73 | 0.000100
73 | 0.000100
73 | 0.000000
72 | 0.000000
70 | 0.000000
68 | 0.000000
69 | 0.000000
76 | 0.000100
75 | 0.000100
70 | 0.000100
69 | 0.000100
68 | 0.000000
69 | 0.000100
68 | 0.000000
69 | 0.000100
68 | 0.000000
71 | 0.000000
74 | 0.000100
74 | 0.000100
72 | 0.000000
70 | 0.000000
69 | 0.000100
68 | 0.000000
73 | 0.000000
73 | 0.000000
73 | 0.000000
72 | 0.000000
74 | 0.000100
70 | 0.000100
70 | 0.000100
71 | 0.000100
71 | 0.000100
72 | 0.000000
73 | 0.000000
77 | 0.000000
76 | 0.000000
80 | 0.000000
74 | 0.000000
74 | 0.000000
73 | 0.000000
74 | 0.000100
72 | 0.000000
70 | 0.000100
69 | 0.000100
69 | 0.000100
70 | 0.000100
70 | 0.000100
75 | 0.000100
78 | 0.000000
76 | 0.000100
76 | 0.000100
75 | 0.000000
76 | 0.000100
76 | 0.000000
75 | 0.000000
78 | 0.000100
80 | 0.000100
81 | 0.000100
85 | 0.000000
86 | 0.000000
78 | 0.000100
81 | 0.000100
82 | 0.000000
82 | 0.000000
84 | 0.000000
83 | 0.000000
84 | 0.000000
84 | 0.000000
85 | 0.000100
83 | 0.000000
83 | 0.000000
86 | 0.000100
88 | 0.000000
87 | 0.000100
88 | 0.000000
90 | 0.000000
90 | 0.000000
90 | 0.000100
93 | 0.000000
94 | 0.000100
95 | 0.000000
93 | 0.000000
92 | 0.000000
91 | 0.000100
91 | 0.000000
90 | 0.000100
89 | 0.000100
89 | 0.000100
86 | 0.000100
87 | 0.000000
85 | 0.000100
87 | 0.000000
89 | 0.000000
87 | 0.000000
88 | 0.000000
88 | 0.000100
87 | 0.000000
88 | 0.000100
91 | 0.000000
90 | 0.000100
87 | 0.000000
89 | 0.000000
90 | 0.000100
88 | 0.000000
93 | 0.000100
93 | 0.000100
94 | 0.000000
94 | 0.000000
94 | 0.000100
94 | 0.000000
95 | 0.000100
96 | 0.000100
96 | 0.000000
96 | 0.000000
96 | 0.000000
100 | 0.000000
92 | 0.000000
90 | 0.000000
90 | 0.000000
90 | 0.000100
90 | 0.000000
89 | 0.000000
88 | 0.000100
82 | 0.000100
82 | 0.000100
79 | 0.000100
80 | 0.000100
80 | 0.000000
79 | 0.000000
79 | 0.000100
81 | 0.000000
80 | 0.000000
81 | 0.000100
82 | 0.000000
83 | 0.000100
79 | 0.000000
80 | 0.000000
83 | 0.000100
83 | 0.000100
83 | 0.000100
84 | 0.000100
85 | 0.000100
85 | 0.000100
90 | 0.000100
91 | 0.000000
91 | 0.000100
90 | 0.000100
90 | 0.000100
90 | 0.000000
91 | 0.000000
91 | 0.000100
94 | 0.000000
96 | 0.000100
94 | 0.000000
95 | 0.000100
97 | 0.000000
97 | 0.000100
101 | 0.000100
101 | 0.000000
99 | 0.000100
95 | 0.000000
93 | 0.000000
92 | 0.000100
93 | 0.000000
93 | 0.000100
93 | 0.000000
95 | 0.000000
95 | 0.000000
96 | 0.000100
92 | 0.000000
90 | 0.000000
88 | 0.000000
86 | 0.000000
84 | 0.000000
84 | 0.000100
84 | 0.000000
84 | 0.000100
85 | 0.000100
86 | 0.000100
92 | 0.000100
94 | 0.000000
96 | 0.000000
96 | 0.000000
94 | 0.000000
93 | 0.000000
92 | 0.000000
92 | 0.000000
92 | 0.000100
92 | 0.000000
93 | 0.000000
95 | 0.000000
95 | 0.000000
97 | 0.000000
107 | 0.000000
108 | 0.000100
108 | 0.000100
109 | 0.000000
109 | 0.000000
111 | 0.000100
108 | 0.000000
107 | 0.000000
107 | 0.000000
108 | 0.000100
108 | 0.000000
106 | 0.000100
107 | 0.000100
108 | 0.000000
106 | 0.000000
104 | 0.000000
104 | 0.000100
102 | 0.000100
100 | 0.000000
102 | 0.000100
101 | 0.000100
101 | 0.000000
102 | 0.000100
99 | 0.000100
99 | 0.000000
104 | 0.000000
104 | 0.000000
104 | 0.000100
104 | 0.000000
104 | 0.000000
103 | 0.000100
107 | 0.000100
107 | 0.000000
107 | 0.000000
107 | 0.000000
108 | 0.000000
107 | 0.000100
107 | 0.000000
107 | 0.000100
108 | 0.000100
108 | 0.000100
105 | 0.000000
104 | 0.000000
104 | 0.000000
105 | 0.000000
105 | 0.000100
105 | 0.000000
106 | 0.000000
107 | 0.000000
106 | 0.000100
107 | 0.000000
107 | 0.000000
109 | 0.000100
111 | 0.000000
112 | 0.000000
113 | 0.000000
118 | 0.000100
116 | 0.000100
116 | 0.000000
116 | 0.000100
116 | 0.000000
120 | 0.000000
123 | 0.000000
120 | 0.000000
122 | 0.000000
118 | 0.000000
116 | 0.000100
116 | 0.000000
116 | 0.000100
115 | 0.000000
117 | 0.000000
123 | 0.000100
123 | 0.000100
127 | 0.000100
127 | 0.000100
127 | 0.000000
126 | 0.000000
125 | 0.000100
124 | 0.000000
123 | 0.000000
123 | 0.000100
120 | 0.000100
118 | 0.000000
125 | 0.000000
125 | 0.000100
127 | 0.000100
127 | 0.000000
127 | 0.000100
130 | 0.000100
126 | 0.000000
125 | 0.000000
126 | 0.000000
127 | 0.000000
128 | 0.000100
132 | 0.000000
133 | 0.000100
135 | 0.000100
135 | 0.000100
138 | 0.000000
139 | 0.000100
142 | 0.000000
142 | 0.000000
141 | 0.000100
140 | 0.000100
140 | 0.000100
138 | 0.000100
135 | 0.000100
131 | 0.000000
131 | 0.000000
131 | 0.000000
131 | 0.000100
131 | 0.000100
126 | 0.000000
123 | 0.000000
123 | 0.000000
124 | 0.000000
126 | 0.000100
126 | 0.000000
124 | 0.000000
123 | 0.000100
123 | 0.000100
123 | 0.000100
121 | 0.000000
121 | 0.000100
121 | 0.000000
123 | 0.000100
123 | 0.000000
122 | 0.000100
121 | 0.000000
121 | 0.000000
122 | 0.000100
120 | 0.000000
122 | 0.000000
121 | 0.000000
121 | 0.000100
122 | 0.000000
120 | 0.000000
114 | 0.000000
114 | 0.000100
115 | 0.000100
118 | 0.000000
118 | 0.000000
118 | 0.000100
119 | 0.000000
119 | 0.000000
120 | 0.000000
120 | 0.000100
118 | 0.000100
118 | 0.000000
118 | 0.000100
118 | 0.000100
119 | 0.000100
118 | 0.000000
120 | 0.000000
119 | 0.000100
121 | 0.000100
121 | 0.000100
121 | 0.000000
119 | 0.000000
117 | 0.000100
118 | 0.000100
118 | 0.000100
118 | 0.000100
120 | 0.000000
118 | 0.000000
118 | 0.000100
122 | 0.000100
123 | 0.000000
123 | 0.000000
123 | 0.000000
123 | 0.000100
123 | 0.000000
124 | 0.000000
123 | 0.000100
123 | 0.000100
124 | 0.000100
123 | 0.000000
122 | 0.000000
120 | 0.000000
123 | 0.000100
123 | 0.000000
123 | 0.000100
123 | 0.000100
122 | 0.000000
122 | 0.000000
126 | 0.000100
126 | 0.000000
125 | 0.000100
127 | 0.000100
124 | 0.000000
124 | 0.000100
127 | 0.000100
127 | 0.000000
127 | 0.000000
127 | 0.000000
128 | 0.000100
129 | 0.000000
130 | 0.000100
126 | 0.000000
127 | 0.000100
125 | 0.000000
123 | 0.000000
126 | 0.000000
126 | 0.000000
127 | 0.000100
126 | 0.000000
126 | 0.000000
127 | 0.000000
128 | 0.000000
128 | 0.000000
129 | 0.000100
129 | 0.000000
129 | 0.000100
129 | 0.000000
129 | 0.000000
128 | 0.000000
128 | 0.000000
127 | 0.000000
126 | 0.000100
126 | 0.000100
126 | 0.000100
129 | 0.000000
127 | 0.000000
123 | 0.000000
124 | 0.000000
125 | 0.000000
124 | 0.000000
119 | 0.000100
120 | 0.000000
118 | 0.000000
118 | 0.000100
118 | 0.000100
118 | 0.000000
119 | 0.000100
118 | 0.000000
119 | 0.000100
125 | 0.000000
125 | 0.000000
130 | 0.000100
128 | 0.000000
129 | 0.000100
129 | 0.000100
130 | 0.000000
130 | 0.000100
130 | 0.000000
127 | 0.000000
128 | 0.000000
130 | 0.000000
131 | 0.000000
133 | 0.000100
133 | 0.000100
136 | 0.000000
134 | 0.000100
137 | 0.000000
137 | 0.000000
141 | 0.000100
140 | 0.000100
138 | 0.000000
137 | 0.000000
134 | 0.000000
134 | 0.000100
139 | 0.000000
138 | 0.000000
139 | 0.000100
138 | 0.000000
140 | 0.000100
139 | 0.000000
137 | 0.000100
140 | 0.000100
140 | 0.000000
141 | 0.000100
141 | 0.000000
140 | 0.000000
145 | 0.000100
148 | 0.000000
148 | 0.000100
151 | 0.000100
148 | 0.000100
150 | 0.000100
153 | 0.000100
153 | 0.000000
154 | 0.000000
154 | 0.000100
156 | 0.000000
153 | 0.000100
154 | 0.000000
155 | 0.000100
152 | 0.000000
154 | 0.000100
157 | 0.000100
157 | 0.000000
157 | 0.000000
157 | 0.000000
159 | 0.000000
160 | 0.000100
159 | 0.000000
158 | 0.000000
158 | 0.000000
159 | 0.000000
159 | 0.000100
160 | 0.000100
160 | 0.000000
157 | 0.000000
157 | 0.000100
160 | 0.000100
161 | 0.000000
162 | 0.000000
162 | 0.000000
162 | 0.000000
163 | 0.000100
159 | 0.000100
156 | 0.000000
155 | 0.000100
156 | 0.000100
157 | 0.000000
157 | 0.000000
157 | 0.000000
158 | 0.000100
158 | 0.000100
158 | 0.000000
158 | 0.000000
159 | 0.000100
159 | 0.000000
160 | 0.000000
160 | 0.000000
160 | 0.000000
159 | 0.000100
159 | 0.000000
153 | 0.000000
151 | 0.000000
153 | 0.000000
150 | 0.000000
149 | 0.000100
149 | 0.000000
149 | 0.000100
153 | 0.000000
153 | 0.000000
152 | 0.000000
152 | 0.000100
152 | 0.000100
153 | 0.000000
151 | 0.000000
153 | 0.000000
153 | 0.000100
153 | 0.000000
151 | 0.000000
151 | 0.000000
160 | 0.000000
163 | 0.000000
163 | 0.000000
163 | 0.000000
163 | 0.000000
163 | 0.000000
164 | 0.000100
161 | 0.000100
160 | 0.000000
156 | 0.000000
157 | 0.000100
158 | 0.000000
157 | 0.000000
157 | 0.000000
157 | 0.000000
160 | 0.000100
158 | 0.000100
157 | 0.000000
157 | 0.000000
156 | 0.000000
155 | 0.000100
154 | 0.000000
152 | 0.000000
153 | 0.000100
153 | 0.000100
153 | 0.000000
153 | 0.000100
154 | 0.000000
154 | 0.000000
155 | 0.000100
154 | 0.000100
152 | 0.000000
147 | 0.000000
148 | 0.000100
149 | 0.000100
146 | 0.000000
145 | 0.000100
146 | 0.000000
145 | 0.000000
145 | 0.000100
145 | 0.000000
148 | 0.000100
153 | 0.000100
152 | 0.000100
149 | 0.000100
148 | 0.000100
148 | 0.000100
147 | 0.000100
146 | 0.000100
147 | 0.000100
145 | 0.000100
144 | 0.000100
140 | 0.000100
140 | 0.000200
141 | 0.000100
141 | 0.000100
141 | 0.000100
140 | 0.000100
142 | 0.000100
143 | 0.000000
143 | 0.000100
140 | 0.000100
142 | 0.000000
145 | 0.000100
147 | 0.000100
145 | 0.000100
146 | 0.000100
145 | 0.000100
144 | 0.000100
143 | 0.000100
142 | 0.000000
142 | 0.000100
142 | 0.000100
141 | 0.000100
138 | 0.000000
138 | 0.000000
138 | 0.000000
136 | 0.000100
132 | 0.000200
133 | 0.000100
134 | 0.000100
134 | 0.000100
134 | 0.000100
136 | 0.000000
133 | 0.000200
130 | 0.000200
127 | 0.000000
128 | 0.000200
129 | 0.000100
128 | 0.000100
129 | 0.000100
124 | 0.000100
124 | 0.000000
124 | 0.000000
125 | 0.000000
128 | 0.000100
133 | 0.000100
133 | 0.000000
134 | 0.000100
134 | 0.000000
128 | 0.000000
128 | 0.000000
126 | 0.000000
126 | 0.000000
126 | 0.000100
124 | 0.000000
124 | 0.000000
121 | 0.000000
121 | 0.000000
121 | 0.000000
123 | 0.000000
122 | 0.000000
122 | 0.000000
122 | 0.000100
130 | 0.000000
128 | 0.000000
131 | 0.000100
132 | 0.000000
131 | 0.000100
131 | 0.000100
129 | 0.000000
129 | 0.000100
126 | 0.000100
127 | 0.000100
118 | 0.000100
120 | 0.000000
122 | 0.000100
121 | 0.000100
123 | 0.000000
124 | 0.000000
124 | 0.000000
124 | 0.000000
121 | 0.000100
120 | 0.000000
120 | 0.000000
123 | 0.000000
124 | 0.000000
124 | 0.000100
122 | 0.000100
122 | 0.000100
119 | 0.000100
116 | 0.000000
116 | 0.000100
116 | 0.000100
116 | 0.000000
119 | 0.000100
117 | 0.000000
117 | 0.000100
113 | 0.000100
114 | 0.000100
111 | 0.000100
111 | 0.000000
111 | 0.000000
115 | 0.000100
114 | 0.000100
115 | 0.000100
105 | 0.000100
104 | 0.000100
103 | 0.000100
101 | 0.000000
100 | 0.000100
102 | 0.000000
101 | 0.000100
104 | 0.000000
103 | 0.000000
100 | 0.000000
101 | 0.000100
101 | 0.000000
102 | 0.000000
103 | 0.000000
104 | 0.000100
105 | 0.000000
116 | 0.000000
116 | 0.000000
116 | 0.000000
116 | 0.000000
110 | 0.000100
113 | 0.000000
111 | 0.000100
112 | 0.000000
110 | 0.000100
112 | 0.000100
110 | 0.000000
110 | 0.000000
110 | 0.000100
110 | 0.000000
110 | 0.000100
113 | 0.000100
113 | 0.000100
113 | 0.000100
113 | 0.000100
113 | 0.000000
113 | 0.000000
113 | 0.000100
111 | 0.000000
111 | 0.000000
109 | 0.000100
106 | 0.000000
106 | 0.000000
107 | 0.000000
106 | 0.000100
107 | 0.000000
107 | 0.000000
107 | 0.000000
105 | 0.000000
106 | 0.000100
107 | 0.000000
111 | 0.000100
112 | 0.000000
112 | 0.000100
113 | 0.000100
111 | 0.000000
112 | 0.000000
112 | 0.000100
113 | 0.000100
110 | 0.000000
112 | 0.000100
115 | 0.000100
114 | 0.000100
119 | 0.000100
120 | 0.000000
118 | 0.000100
116 | 0.000000
115 | 0.000000
116 | 0.000000
116 | 0.000000
119 | 0.000000
120 | 0.000100
120 | 0.000000
119 | 0.000000
121 | 0.000000
122 | 0.000100
120 | 0.000000
120 | 0.000100
120 | 0.000100
119 | 0.000000
118 | 0.000100
117 | 0.000000
116 | 0.000100
115 | 0.000100
115 | 0.000100
113 | 0.000100
114 | 0.000000
114 | 0.000100
115 | 0.000000
120 | 0.000100
118 | 0.000100
117 | 0.000100
117 | 0.000000
119 | 0.000100
121 | 0.000100
125 | 0.000100
127 | 0.000000
128 | 0.000000
127 | 0.000100
125 | 0.000000
125 | 0.000100
123 | 0.000100
123 | 0.000000
124 | 0.000000
123 | 0.000100
123 | 0.000000
123 | 0.000000
121 | 0.000100
121 | 0.000000
122 | 0.000100
118 | 0.000200
117 | 0.000100
118 | 0.000100
116 | 0.000100
115 | 0.000000
114 | 0.000000
116 | 0.000000
113 | 0.000000
113 | 0.000100
114 | 0.000000
115 | 0.000000
117 | 0.000000
114 | 0.000000
115 | 0.000100
115 | 0.000000
115 | 0.000000
115 | 0.000000
117 | 0.000000
117 | 0.000000
116 | 0.000000
116 | 0.000000
122 | 0.000000
123 | 0.000000
121 | 0.000100
121 | 0.000100
124 | 0.000000
126 | 0.000100
127 | 0.000100
122 | 0.000100
128 | 0.000100
123 | 0.000100
124 | 0.000000
123 | 0.000100
123 | 0.000100
125 | 0.000100
126 | 0.000000
127 | 0.000000
126 | 0.000100
123 | 0.000100
122 | 0.000000
123 | 0.000000
122 | 0.000100
124 | 0.000100
124 | 0.000100
119 | 0.000000
120 | 0.000100
121 | 0.000000
126 | 0.000000
126 | 0.000100
127 | 0.000000
127 | 0.000100
126 | 0.000000
130 | 0.000000
126 | 0.000100
126 | 0.000000
124 | 0.000000
127 | 0.000100
127 | 0.000000
127 | 0.000000
128 | 0.000000
128 | 0.000000
129 | 0.000100
133 | 0.000000
133 | 0.000000
133 | 0.000000
127 | 0.000000
126 | 0.000100
126 | 0.000100
127 | 0.000100
126 | 0.000000
127 | 0.000100
127 | 0.000000
127 | 0.000100
126 | 0.000000
125 | 0.000000
122 | 0.000100
122 | 0.000000
123 | 0.000100
119 | 0.000100
116 | 0.000000
116 | 0.000000
115 | 0.000000
118 | 0.000100
117 | 0.000100
118 | 0.000000
117 | 0.000000
121 | 0.000000
118 | 0.000100
117 | 0.000000
117 | 0.000000
118 | 0.000100
118 | 0.000100
118 | 0.000000
118 | 0.000100
119 | 0.000100
115 | 0.000000
115 | 0.000100
114 | 0.000100
116 | 0.000100
116 | 0.000100
117 | 0.000000
119 | 0.000100
119 | 0.000000
121 | 0.000000
120 | 0.000000
120 | 0.000000
120 | 0.000100
120 | 0.000000
122 | 0.000000
124 | 0.000000
124 | 0.000100
123 | 0.000000
120 | 0.000000
120 | 0.000100
121 | 0.000000
120 | 0.000000
120 | 0.000000
120 | 0.000100
120 | 0.000100
116 | 0.000100
114 | 0.000000
113 | 0.000100
115 | 0.000000
118 | 0.000000
119 | 0.000100
115 | 0.000000
115 | 0.000000
117 | 0.000000
119 | 0.000000
119 | 0.000000
118 | 0.000100
110 | 0.000100
110 | 0.000100
111 | 0.000000
112 | 0.000000
113 | 0.000100
113 | 0.000100
113 | 0.000000
115 | 0.000000
115 | 0.000100
115 | 0.000000
115 | 0.000100
117 | 0.000000
118 | 0.000100
119 | 0.000100
120 | 0.000100
122 | 0.000000
121 | 0.000000
122 | 0.000000
119 | 0.000000
119 | 0.000000
123 | 0.000000
121 | 0.000100
121 | 0.000000
118 | 0.000000
121 | 0.000100
120 | 0.000000
121 | 0.000000
119 | 0.000000
118 | 0.000100
121 | 0.000100
121 | 0.000100
118 | 0.000100
118 | 0.000100
119 | 0.000100
119 | 0.000100
119 | 0.000100
119 | 0.000000
119 | 0.000000
118 | 0.000000
132 | 0.000000
132 | 0.000000
133 | 0.000000
135 | 0.000100
134 | 0.000000
135 | 0.000100
135 | 0.000100
133 | 0.000100
134 | 0.000000
136 | 0.000100
133 | 0.000100
134 | 0.000000
134 | 0.000100
134 | 0.000100
135 | 0.000000
135 | 0.000000
139 | 0.000100
138 | 0.000100
138 | 0.000100
137 | 0.000100
138 | 0.000000
141 | 0.000000
141 | 0.000000
140 | 0.000000
139 | 0.000000
139 | 0.000000
139 | 0.000100
137 | 0.000100
136 | 0.000100
136 | 0.000100
136 | 0.000000
141 | 0.000000
140 | 0.000000
137 | 0.000100
138 | 0.000000
139 | 0.000100
136 | 0.000000
136 | 0.000100
134 | 0.000100
131 | 0.000100
136 | 0.000000
136 | 0.000000
135 | 0.000000
135 | 0.000000
137 | 0.000100
132 | 0.000000
131 | 0.000100
130 | 0.000100
130 | 0.000100
132 | 0.000100
132 | 0.000100
131 | 0.000100
131 | 0.000100
131 | 0.000000
131 | 0.000100
131 | 0.000100
131 | 0.000100
130 | 0.000000
130 | 0.000100
132 | 0.000000
134 | 0.000100
134 | 0.000000
134 | 0.000000
134 | 0.000000
133 | 0.000000
129 | 0.000000
129 | 0.000100
129 | 0.000100
127 | 0.000000
125 | 0.000000
126 | 0.000100
124 | 0.000100
123 | 0.000000
121 | 0.000000
125 | 0.000000
124 | 0.000000
122 | 0.000100
123 | 0.000100
117 | 0.000100
123 | 0.000100
124 | 0.000100
124 | 0.000000
123 | 0.000000
125 | 0.000100
125 | 0.000000
127 | 0.000000
127 | 0.000000
127 | 0.000100
124 | 0.000100
124 | 0.000000
121 | 0.000100
120 | 0.000000
119 | 0.000100
121 | 0.000100
121 | 0.000000
119 | 0.000000
118 | 0.000100
121 | 0.000000
120 | 0.000100
120 | 0.000100
118 | 0.000100
120 | 0.000000
120 | 0.000100
115 | 0.000100
114 | 0.000100
114 | 0.000100
114 | 0.000000
113 | 0.000100
111 | 0.000100
112 | 0.000100
111 | 0.000000
112 | 0.000000
112 | 0.000000
111 | 0.000000
111 | 0.000000
110 | 0.000100
110 | 0.000000
111 | 0.000100
113 | 0.000100
114 | 0.000100
112 | 0.000000
112 | 0.000000
110 | 0.000100
109 | 0.000000
110 | 0.000000
112 | 0.000100
115 | 0.000100
115 | 0.000000
115 | 0.000100
114 | 0.000100
114 | 0.000000
113 | 0.000100
115 | 0.000000
115 | 0.000100
118 | 0.000100
124 | 0.000100
124 | 0.000100
122 | 0.000000
118 | 0.000000
117 | 0.000100
117 | 0.000100
118 | 0.000000
125 | 0.000000
126 | 0.000000
126 | 0.000000
125 | 0.000000
123 | 0.000100
122 | 0.000100
123 | 0.000100
123 | 0.000100
125 | 0.000100
127 | 0.000000
127 | 0.000100
125 | 0.000100
126 | 0.000000
126 | 0.000000
128 | 0.000000
130 | 0.000100
129 | 0.000000
128 | 0.000100
127 | 0.000100
127 | 0.000100
129 | 0.000000
129 | 0.000100
129 | 0.000000
127 | 0.000100
126 | 0.000100
126 | 0.000100
127 | 0.000100
131 | 0.000000
128 | 0.000000
129 | 0.000000
128 | 0.000000
126 | 0.000100
123 | 0.000000
119 | 0.000100
119 | 0.000000
121 | 0.000000
122 | 0.000100
121 | 0.000000
119 | 0.000100
119 | 0.000000
119 | 0.000100
116 | 0.000000
117 | 0.000000
108 | 0.000100
109 | 0.000000
108 | 0.000100
107 | 0.000000
107 | 0.000000
104 | 0.000100
102 | 0.000000
98 | 0.000000
98 | 0.000100
98 | 0.000000
97 | 0.000100
98 | 0.000000
98 | 0.000000
100 | 0.000100
101 | 0.000100
102 | 0.000100
102 | 0.000000
101 | 0.000000
97 | 0.000000
95 | 0.000000
95 | 0.000000
98 | 0.000100
96 | 0.000000
100 | 0.000000
99 | 0.000100
99 | 0.000100
99 | 0.000000
101 | 0.000000
101 | 0.000100
103 | 0.000100
103 | 0.000000
100 | 0.000000
103 | 0.000100
103 | 0.000100
104 | 0.000100
104 | 0.000000
104 | 0.000000
104 | 0.000100
105 | 0.000000
108 | 0.000100
111 | 0.000100
107 | 0.000000
109 | 0.000100
109 | 0.000100
109 | 0.000000
108 | 0.000000
110 | 0.000100
108 | 0.000100
107 | 0.000000
104 | 0.000000
105 | 0.000100
105 | 0.000000
105 | 0.000000
105 | 0.000000
104 | 0.000100
101 | 0.000000
99 | 0.000100
100 | 0.000100
100 | 0.000100
99 | 0.000100
99 | 0.000100
100 | 0.000000
100 | 0.000100
101 | 0.000000
101 | 0.000000
100 | 0.000000
100 | 0.000100
101 | 0.000100
101 | 0.000000
103 | 0.000100
102 | 0.000100
105 | 0.000000
104 | 0.000000
102 | 0.000000
102 | 0.000000
102 | 0.000000
99 | 0.000100
98 | 0.000000
95 | 0.000100
91 | 0.000000
91 | 0.000000
92 | 0.000000
90 | 0.000000
90 | 0.000000
92 | 0.000000
92 | 0.000000
88 | 0.000100
88 | 0.000100
91 | 0.000100
91 | 0.000000
90 | 0.000000
90 | 0.000100
88 | 0.000000
86 | 0.000000
81 | 0.000000
81 | 0.000100
80 | 0.000100
81 | 0.000100
78 | 0.000000
69 | 0.000100
70 | 0.000100
70 | 0.000100
71 | 0.000100
72 | 0.000100
73 | 0.000000
76 | 0.000000
81 | 0.000000
84 | 0.000000
84 | 0.000100
85 | 0.000100
87 | 0.000100
86 | 0.000100
88 | 0.000100
88 | 0.000100
88 | 0.000000
91 | 0.000100
91 | 0.000000
90 | 0.000100
90 | 0.000000
92 | 0.000000
91 | 0.000000
90 | 0.000100
92 | 0.000000
94 | 0.000100
94 | 0.000000
95 | 0.000000
98 | 0.000100
94 | 0.000100
93 | 0.000000
94 | 0.000100
94 | 0.000100
94 | 0.000000
95 | 0.000000
98 | 0.000000
101 | 0.000000
101 | 0.000000
99 | 0.000000
99 | 0.000100
97 | 0.000100
98 | 0.000100
98 | 0.000000
100 | 0.000000
100 | 0.000100
101 | 0.000100
101 | 0.000000
101 | 0.000100
101 | 0.000000
101 | 0.000000
101 | 0.000100
102 | 0.000000
102 | 0.000000
100 | 0.000000
100 | 0.000100
102 | 0.000100
102 | 0.000100
100 | 0.000000
99 | 0.000100
102 | 0.000100
99 | 0.000000
99 | 0.000100
96 | 0.000100
92 | 0.000100
91 | 0.000000
91 | 0.000000
92 | 0.000000
92 | 0.000000
94 | 0.000000
94 | 0.000000
94 | 0.000000
91 | 0.000100
92 | 0.000100
93 | 0.000000
93 | 0.000000
93 | 0.000100
94 | 0.000100
95 | 0.000100
97 | 0.000100
98 | 0.000100
94 | 0.000000
98 | 0.000000
101 | 0.000100
102 | 0.000000
102 | 0.000100
104 | 0.000000
107 | 0.000000
107 | 0.000100
108 | 0.000000
106 | 0.000100
106 | 0.000000
106 | 0.000000
106 | 0.000000
107 | 0.000000
109 | 0.000000
107 | 0.000100
108 | 0.000100
109 | 0.000000
110 | 0.000100
109 | 0.000000
109 | 0.000000
113 | 0.000000
112 | 0.000000
112 | 0.000000
113 | 0.000000
115 | 0.000000
115 | 0.000000
115 | 0.000000
115 | 0.000000
115 | 0.000000
113 | 0.000100
119 | 0.000000
119 | 0.000100
119 | 0.000000
115 | 0.000000
116 | 0.000100
114 | 0.000100
114 | 0.000100
113 | 0.000000
118 | 0.000100
119 | 0.000100
118 | 0.000000
119 | 0.000000
120 | 0.000000
120 | 0.000000
120 | 0.000100
120 | 0.000100
119 | 0.000100
124 | 0.000000
125 | 0.000100
125 | 0.000000
128 | 0.000000
128 | 0.000000
129 | 0.000100
127 | 0.000000
127 | 0.000000
125 | 0.000000
126 | 0.000000
128 | 0.000000
128 | 0.000000
127 | 0.000100
126 | 0.000000
126 | 0.000000
127 | 0.000000
127 | 0.000000
129 | 0.000000
128 | 0.000000
134 | 0.000100
134 | 0.000100
133 | 0.000100
134 | 0.000000
134 | 0.000100
134 | 0.000100
133 | 0.000000
133 | 0.000000
133 | 0.000100
130 | 0.000100
130 | 0.000000
130 | 0.000000
130 | 0.000000
131 | 0.000100
131 | 0.000100
130 | 0.000100
130 | 0.000000
130 | 0.000100
130 | 0.000000
128 | 0.000100
128 | 0.000100
132 | 0.000000
132 | 0.000000
133 | 0.000000
133 | 0.000000
133 | 0.000000
133 | 0.000000
134 | 0.000000
133 | 0.000100
134 | 0.000000
134 | 0.000000
134 | 0.000100
135 | 0.000000
136 | 0.000100
134 | 0.000100
132 | 0.000000
132 | 0.000100
134 | 0.000100
134 | 0.000000
131 | 0.000000
130 | 0.000100
133 | 0.000000
135 | 0.000000
134 | 0.000100
133 | 0.000000
134 | 0.000000
135 | 0.000000
135 | 0.000000
133 | 0.000000
133 | 0.000000
132 | 0.000000
132 | 0.000000
129 | 0.000000
128 | 0.000100
127 | 0.000000
124 | 0.000000
125 | 0.000100
131 | 0.000100
132 | 0.000000
131 | 0.000100
130 | 0.000000
133 | 0.000100
133 | 0.000000
132 | 0.000100
130 | 0.000000
131 | 0.000100
130 | 0.000100
130 | 0.000100
131 | 0.000000
142 | 0.000100
141 | 0.000100
143 | 0.000000
141 | 0.000100
140 | 0.000000
143 | 0.000000
143 | 0.000000
143 | 0.000000
143 | 0.000000
142 | 0.000000
144 | 0.000000
144 | 0.000100
144 | 0.000100
146 | 0.000100
147 | 0.000000
142 | 0.000000
142 | 0.000100
141 | 0.000000
135 | 0.000000
134 | 0.000100
136 | 0.000100
132 | 0.000000
132 | 0.000000
131 | 0.000000
131 | 0.000000
128 | 0.000000
130 | 0.000100
131 | 0.000000
131 | 0.000100
129 | 0.000100
132 | 0.000000
133 | 0.000000
131 | 0.000100
132 | 0.000100
132 | 0.000000
133 | 0.000000
128 | 0.000100
128 | 0.000100
130 | 0.000000
127 | 0.000100
127 | 0.000000
133 | 0.000000
133 | 0.000100
137 | 0.000000
136 | 0.000100
134 | 0.000100
136 | 0.000100
136 | 0.000000
135 | 0.000000
136 | 0.000000
136 | 0.000000
144 | 0.000000
142 | 0.000000
142 | 0.000100
142 | 0.000000
143 | 0.000000
143 | 0.000000
141 | 0.000000
141 | 0.000100
141 | 0.000100
140 | 0.000000
140 | 0.000100
140 | 0.000100
139 | 0.000000
134 | 0.000100
134 | 0.000000
135 | 0.000100
138 | 0.000000
138 | 0.000100
138 | 0.000000
136 | 0.000100
136 | 0.000000
134 | 0.000100
134 | 0.000100
134 | 0.000000
135 | 0.000000
133 | 0.000100
130 | 0.000100
131 | 0.000000
130 | 0.000100
135 | 0.000000
133 | 0.000000
133 | 0.000100
133 | 0.000100
134 | 0.000100
133 | 0.000000
134 | 0.000000
136 | 0.000000
135 | 0.000000
135 | 0.000000
137 | 0.000000
139 | 0.000100
138 | 0.000000
137 | 0.000000
138 | 0.000000
137 | 0.000100
139 | 0.000000
138 | 0.000000
137 | 0.000000
137 | 0.000100
138 | 0.000000
138 | 0.000000
137 | 0.000000
140 | 0.000000
142 | 0.000000
143 | 0.000100
145 | 0.000000
145 | 0.000000
146 | 0.000100
145 | 0.000100
145 | 0.000100
146 | 0.000000
146 | 0.000100
146 | 0.000100
146 | 0.000000
146 | 0.000100
149 | 0.000000
148 | 0.000100
149 | 0.000000
150 | 0.000100
151 | 0.000100
153 | 0.000100
154 | 0.000000
154 | 0.000000
158 | 0.000000
159 | 0.000000
155 | 0.000000
157 | 0.000000
155 | 0.000100
154 | 0.000100
154 | 0.000100
155 | 0.000000
156 | 0.000000
158 | 0.000000
158 | 0.000100
155 | 0.000000
156 | 0.000100
157 | 0.000000
158 | 0.000100
163 | 0.000000
162 | 0.000100
162 | 0.000100
159 | 0.000100
162 | 0.000000
161 | 0.000000
166 | 0.000100
168 | 0.000100
168 | 0.000100
166 | 0.000000
167 | 0.000100
166 | 0.000000
166 | 0.000000
165 | 0.000100
165 | 0.000000
165 | 0.000100
165 | 0.000100
165 | 0.000100
165 | 0.000000
164 | 0.000000
162 | 0.000100
160 | 0.000000
164 | 0.000000
164 | 0.000100
162 | 0.000000
162 | 0.000000
163 | 0.000000
163 | 0.000000
162 | 0.000100
162 | 0.000100
162 | 0.000100
162 | 0.000100
162 | 0.000000
162 | 0.000000
163 | 0.000000
162 | 0.000100
162 | 0.000000
157 | 0.000100
160 | 0.000100
158 | 0.000100
157 | 0.000000
157 | 0.000000
158 | 0.000100
160 | 0.000000
159 | 0.000100
159 | 0.000100
159 | 0.000100
156 | 0.000100
155 | 0.000000
155 | 0.000100
157 | 0.000000
155 | 0.000000
156 | 0.000000
153 | 0.000100
153 | 0.000100
154 | 0.000000
155 | 0.000100
153 | 0.000000
155 | 0.000000
155 | 0.000000
152 | 0.000000
152 | 0.000000
152 | 0.000000
152 | 0.000000
153 | 0.000000
149 | 0.000000
148 | 0.000000
150 | 0.000100
147 | 0.000000
148 | 0.000100
154 | 0.000000
154 | 0.000000
154 | 0.000000
153 | 0.000000
153 | 0.000000
153 | 0.000000
153 | 0.000100
154 | 0.000000
156 | 0.000100
155 | 0.000000
156 | 0.000000
158 | 0.000100
158 | 0.000000
159 | 0.000100
159 | 0.000000
161 | 0.000000
162 | 0.000000
162 | 0.000000
164 | 0.000000
165 | 0.000000
165 | 0.000100
165 | 0.000000
166 | 0.000000
167 | 0.000100
164 | 0.000000
165 | 0.000000
165 | 0.000100
162 | 0.000100
164 | 0.000000
164 | 0.000000
163 | 0.000000
162 | 0.000000
163 | 0.000000
166 | 0.000000
165 | 0.000000
166 | 0.000100
165 | 0.000000
161 | 0.000000
160 | 0.000000
161 | 0.000000
160 | 0.000000
159 | 0.000000
157 | 0.000000
158 | 0.000100
157 | 0.000000
155 | 0.000000
152 | 0.000000
151 | 0.000000
151 | 0.000000
149 | 0.000100
152 | 0.000100
150 | 0.000000
150 | 0.000000
152 | 0.000000
156 | 0.000000
157 | 0.000000
154 | 0.000000
154 | 0.000000
158 | 0.000000
157 | 0.000000
157 | 0.000000
160 | 0.000000
160 | 0.000100
161 | 0.000000
158 | 0.000100
156 | 0.000100
155 | 0.000000
155 | 0.000000
153 | 0.000000
154 | 0.000000
153 | 0.000100
153 | 0.000000
151 | 0.000000
147 | 0.000000
147 | 0.000100
146 | 0.000100
147 | 0.000100
153 | 0.000000
150 | 0.000100
154 | 0.000000
154 | 0.000000
154 | 0.000000
156 | 0.000000
157 | 0.000000
157 | 0.000000
160 | 0.000100
159 | 0.000000
157 | 0.000000
153 | 0.000000
152 | 0.000000
152 | 0.000100
151 | 0.000000
151 | 0.000000
151 | 0.000100
146 | 0.000000
144 | 0.000000
146 | 0.000000
147 | 0.000000
141 | 0.000100
141 | 0.000000
141 | 0.000100
141 | 0.000100
142 | 0.000100
141 | 0.000000
141 | 0.000000
140 | 0.000000
140 | 0.000100
143 | 0.000100
143 | 0.000000
143 | 0.000100
143 | 0.000000
143 | 0.000000
143 | 0.000000
144 | 0.000100
144 | 0.000100
142 | 0.000100
145 | 0.000100
142 | 0.000100
142 | 0.000100
143 | 0.000000
149 | 0.000100
151 | 0.000100
152 | 0.000000
153 | 0.000000
156 | 0.000000
156 | 0.000100
156 | 0.000100
157 | 0.000000
156 | 0.000100
156 | 0.000000
156 | 0.000000
157 | 0.000000
158 | 0.000000
158 | 0.000000
158 | 0.000000
159 | 0.000000
159 | 0.000000
156 | 0.000100
156 | 0.000000
154 | 0.000100
153 | 0.000100
153 | 0.000000
153 | 0.000000
153 | 0.000000
152 | 0.000100
152 | 0.000000
148 | 0.000000
146 | 0.000000
147 | 0.000100
146 | 0.000000
145 | 0.000000
145 | 0.000000
143 | 0.000100
142 | 0.000100
141 | 0.000000
139 | 0.000100
139 | 0.000100
140 | 0.000000
139 | 0.000100
140 | 0.000000
141 | 0.000100
138 | 0.000100
139 | 0.000000
139 | 0.000000
140 | 0.000100
141 | 0.000100
141 | 0.000000
139 | 0.000000
139 | 0.000000
139 | 0.000100
134 | 0.000000
130 | 0.000100
130 | 0.000000
130 | 0.000000
129 | 0.000000
129 | 0.000000
127 | 0.000100
127 | 0.000000
126 | 0.000000
127 | 0.000000
127 | 0.000100
127 | 0.000000
128 | 0.000100
128 | 0.000100
128 | 0.000000
128 | 0.000100
127 | 0.000100
127 | 0.000000
129 | 0.000000
128 | 0.000000
129 | 0.000000
129 | 0.000000
131 | 0.000100
130 | 0.000100
129 | 0.000000
133 | 0.000000
132 | 0.000000
131 | 0.000000
130 | 0.000000
130 | 0.000000
128 | 0.000000
130 | 0.000100
128 | 0.000000
126 | 0.000000
125 | 0.000100
119 | 0.000000
117 | 0.000000
117 | 0.000100
118 | 0.000100
120 | 0.000000
120 | 0.000100
122 | 0.000000
119 | 0.000100
120 | 0.000000
119 | 0.000100
119 | 0.000000
119 | 0.000000
113 | 0.000100
113 | 0.000100
120 | 0.000100
121 | 0.000100
118 | 0.000100
119 | 0.000000
116 | 0.000100
117 | 0.000000
117 | 0.000100
119 | 0.000100
119 | 0.000100
117 | 0.000000
120 | 0.000100
119 | 0.000000
120 | 0.000000
120 | 0.000000
120 | 0.000100
120 | 0.000100
114 | 0.000100
115 | 0.000000
115 | 0.000100
115 | 0.000000
112 | 0.000000
115 | 0.000000
112 | 0.000000
113 | 0.000000
114 | 0.000100
113 | 0.000000
115 | 0.000100
115 | 0.000100
115 | 0.000100
115 | 0.000100
113 | 0.000000
109 | 0.000100
109 | 0.000000
108 | 0.000100
108 | 0.000100
104 | 0.000100
105 | 0.000000
104 | 0.000000
104 | 0.000100
105 | 0.000000
105 | 0.000100
102 | 0.000000
102 | 0.000100
102 | 0.000000
102 | 0.000100
102 | 0.000000
100 | 0.000100
99 | 0.000100
95 | 0.000000
95 | 0.000000
95 | 0.000000
99 | 0.000000
97 | 0.000000
97 | 0.000100
98 | 0.000100
99 | 0.000100
99 | 0.000100
97 | 0.000100
98 | 0.000100
98 | 0.000000
98 | 0.000000
99 | 0.000000
100 | 0.000000
101 | 0.000100
99 | 0.000100
104 | 0.000000
104 | 0.000100
106 | 0.000000
105 | 0.000000
105 | 0.000000
105 | 0.000000
102 | 0.000000
103 | 0.000100
106 | 0.000100
108 | 0.000000
110 | 0.000000
110 | 0.000000
109 | 0.000000
109 | 0.000000
109 | 0.000100
111 | 0.000000
111 | 0.000000
111 | 0.000000
111 | 0.000100
111 | 0.000100
115 | 0.000000
115 | 0.000100
117 | 0.000100
115 | 0.000100
115 | 0.000100
118 | 0.000000
120 | 0.000100
120 | 0.000100
116 | 0.000000
116 | 0.000000
116 | 0.000100
117 | 0.000000
116 | 0.000100
116 | 0.000100
117 | 0.000100
120 | 0.000100
125 | 0.000000
123 | 0.000000
123 | 0.000000
120 | 0.000000
120 | 0.000100
122 | 0.000000
121 | 0.000000
120 | 0.000000
120 | 0.000100
117 | 0.000000
117 | 0.000000
117 | 0.000000
121 | 0.000100
111 | 0.000100
118 | 0.000000
119 | 0.000100
120 | 0.000100
117 | 0.000000
118 | 0.000000
117 | 0.000100
117 | 0.000100
117 | 0.000000
117 | 0.000000
119 | 0.000000
119 | 0.000000
120 | 0.000000
119 | 0.000000
119 | 0.000000
124 | 0.000000
124 | 0.000000
125 | 0.000100
123 | 0.000000
124 | 0.000100
123 | 0.000000
123 | 0.000000
126 | 0.000100
126 | 0.000000
124 | 0.000100
123 | 0.000100
122 | 0.000100
125 | 0.000100
125 | 0.000000
128 | 0.000000
127 | 0.000000
129 | 0.000100
131 | 0.000000
134 | 0.000000
132 | 0.000000
131 | 0.000100
134 | 0.000100
138 | 0.000100
138 | 0.000100
137 | 0.000100
132 | 0.000000
131 | 0.000000
132 | 0.000000
133 | 0.000100
131 | 0.000000
131 | 0.000000
133 | 0.000100
135 | 0.000100
135 | 0.000100
136 | 0.000100
134 | 0.000000
135 | 0.000100
137 | 0.000000
134 | 0.000000
135 | 0.000000
137 | 0.000100
136 | 0.000100
138 | 0.000100
140 | 0.000000
142 | 0.000100
143 | 0.000100
140 | 0.000000
144 | 0.000100
144 | 0.000000
142 | 0.000100
142 | 0.000100
141 | 0.000000
141 | 0.000000
142 | 0.000000
142 | 0.000000
142 | 0.000100
144 | 0.000100
141 | 0.000100
141 | 0.000000
140 | 0.000000
140 | 0.000000
139 | 0.000000
139 | 0.000000
144 | 0.000100
142 | 0.000100
143 | 0.000000
144 | 0.000100
146 | 0.000000
148 | 0.000100
145 | 0.000100
144 | 0.000000
143 | 0.000000
148 | 0.000000
149 | 0.000000
149 | 0.000000
148 | 0.000100
147 | 0.000000
147 | 0.000000
145 | 0.000100
144 | 0.000000
145 | 0.000100
146 | 0.000000
146 | 0.000000
144 | 0.000100
144 | 0.000000
144 | 0.000100
144 | 0.000000
144 | 0.000000
143 | 0.000100
141 | 0.000000
140 | 0.000000
145 | 0.000000
146 | 0.000100
148 | 0.000000
146 | 0.000000
147 | 0.000000
147 | 0.000000
151 | 0.000000
151 | 0.000000
152 | 0.000000
151 | 0.000000
152 | 0.000000
156 | 0.000100
155 | 0.000100
154 | 0.000000
155 | 0.000000
154 | 0.000000
150 | 0.000000
150 | 0.000000
149 | 0.000100
148 | 0.000100
145 | 0.000000
145 | 0.000000
144 | 0.000000
144 | 0.000000
151 | 0.000000
151 | 0.000100
147 | 0.000000
146 | 0.000000
147 | 0.000000
147 | 0.000100
147 | 0.000100
147 | 0.000100
140 | 0.000100
141 | 0.000000
143 | 0.000000
145 | 0.000000
144 | 0.000000
143 | 0.000000
143 | 0.000000
143 | 0.000100
144 | 0.000100
141 | 0.000100
141 | 0.000000
139 | 0.000000
139 | 0.000100
141 | 0.000100
141 | 0.000100
137 | 0.000000
137 | 0.000100
140 | 0.000000
142 | 0.000100
139 | 0.000000
141 | 0.000100
141 | 0.000100
138 | 0.000000
141 | 0.000100
143 | 0.000100
143 | 0.000100
141 | 0.000000
141 | 0.000100
141 | 0.000100
141 | 0.000000
138 | 0.000100
137 | 0.000000
138 | 0.000000
138 | 0.000000
139 | 0.000000
139 | 0.000100
139 | 0.000100
140 | 0.000000
139 | 0.000000
140 | 0.000100
140 | 0.000100
142 | 0.000100
147 | 0.000100
150 | 0.000100
150 | 0.000100
150 | 0.000000
149 | 0.000100
149 | 0.000000
149 | 0.000000
148 | 0.000000
152 | 0.000100
146 | 0.000100
142 | 0.000100
141 | 0.000000
141 | 0.000100
142 | 0.000000
143 | 0.000100
148 | 0.000000
149 | 0.000000
143 | 0.000100
142 | 0.000000
143 | 0.000000
143 | 0.000100
141 | 0.000000
148 | 0.000000
145 | 0.000100
146 | 0.000100
148 | 0.000000
147 | 0.000100
147 | 0.000100
147 | 0.000000
147 | 0.000100
149 | 0.000100
149 | 0.000000
141 | 0.000000
140 | 0.000000
141 | 0.000000
138 | 0.000000
138 | 0.000000
136 | 0.000100
136 | 0.000000
135 | 0.000000
132 | 0.000000
129 | 0.000000
129 | 0.000100
133 | 0.000100
134 | 0.000100
134 | 0.000000
134 | 0.000000
135 | 0.000100
138 | 0.000000
139 | 0.000000
139 | 0.000100
139 | 0.000100
138 | 0.000100
137 | 0.000000
140 | 0.000000
138 | 0.000000
139 | 0.000000
139 | 0.000100
139 | 0.000100
137 | 0.000000
136 | 0.000100
138 | 0.000100
138 | 0.000100
137 | 0.000000
137 | 0.000100
137 | 0.000000
137 | 0.000100
137 | 0.000100
138 | 0.000100
140 | 0.000100
143 | 0.000000
142 | 0.000100
141 | 0.000000
145 | 0.000000
148 | 0.000000
145 | 0.000000
149 | 0.000000
150 | 0.000100
151 | 0.000000
150 | 0.000000
149 | 0.000100
154 | 0.000100
156 | 0.000100
156 | 0.000000
157 | 0.000100
160 | 0.000000
159 | 0.000000
161 | 0.000100
160 | 0.000000
159 | 0.000100
159 | 0.000100
162 | 0.000100
163 | 0.000000
162 | 0.000100
164 | 0.000000
163 | 0.000100
163 | 0.000100
162 | 0.000000
158 | 0.000000
159 | 0.000100
159 | 0.000000
158 | 0.000100
155 | 0.000100
153 | 0.000100
156 | 0.000200
154 | 0.000100
154 | 0.000100
153 | 0.000100
151 | 0.000100
148 | 0.000100
149 | 0.000000
148 | 0.000100
147 | 0.000100
147 | 0.000000
149 | 0.000100
149 | 0.000000
147 | 0.000000
149 | 0.000100
149 | 0.000100
150 | 0.000100
151 | 0.000100
151 | 0.000100
150 | 0.000000
149 | 0.000100
150 | 0.000100
150 | 0.000100
149 | 0.000000
149 | 0.000000
150 | 0.000100
155 | 0.000100
158 | 0.000100
157 | 0.000100
159 | 0.000100
160 | 0.000000
160 | 0.000100
160 | 0.000100
160 | 0.000100
160 | 0.000100
160 | 0.000100
160 | 0.000100
160 | 0.000100
162 | 0.000100
167 | 0.000100
169 | 0.000000
169 | 0.000100
167 | 0.000100
168 | 0.000100
171 | 0.000100
173 | 0.000100
172 | 0.000100
170 | 0.000000
170 | 0.000100
171 | 0.000100
172 | 0.000100
173 | 0.000000
175 | 0.000000
175 | 0.000000
181 | 0.000000
179 | 0.000000
178 | 0.000000
178 | 0.000000
179 | 0.000100
180 | 0.000100
179 | 0.000000
180 | 0.000100
177 | 0.000100
176 | 0.000100
175 | 0.000000
167 | 0.000100
169 | 0.000000
170 | 0.000000
168 | 0.000100
166 | 0.000100
166 | 0.000000
163 | 0.000100
160 | 0.000000
160 | 0.000100
162 | 0.000000
162 | 0.000000
161 | 0.000100
163 | 0.000000
162 | 0.000000
163 | 0.000100
161 | 0.000000
161 | 0.000100
161 | 0.000000
162 | 0.000100
160 | 0.000000
157 | 0.000000
159 | 0.000000
159 | 0.000000
159 | 0.000000
160 | 0.000100
159 | 0.000000
156 | 0.000000
155 | 0.000100
157 | 0.000000
162 | 0.000000
164 | 0.000000
165 | 0.000000
161 | 0.000100
161 | 0.000100
162 | 0.000000
159 | 0.000000
159 | 0.000000
163 | 0.000100
161 | 0.000100
164 | 0.000100
164 | 0.000000
164 | 0.000000
163 | 0.000000
163 | 0.000100
163 | 0.000000
163 | 0.000000
166 | 0.000000
166 | 0.000100
172 | 0.000100
171 | 0.000100
171 | 0.000100
171 | 0.000100
170 | 0.000000
169 | 0.000000
169 | 0.000100
172 | 0.000100
172 | 0.000100
171 | 0.000100
169 | 0.000100
167 | 0.000000
168 | 0.000000
167 | 0.000100
167 | 0.000100
168 | 0.000000
164 | 0.000100
164 | 0.000000
165 | 0.000100
165 | 0.000000
171 | 0.000000
171 | 0.000100
170 | 0.000000
170 | 0.000100
169 | 0.000000
170 | 0.000100
171 | 0.000000
171 | 0.000100
175 | 0.000000
177 | 0.000000
178 | 0.000000
178 | 0.000000
178 | 0.000000
180 | 0.000100
180 | 0.000000
174 | 0.000100
176 | 0.000000
176 | 0.000000
175 | 0.000000
174 | 0.000100
173 | 0.000100
172 | 0.000000
169 | 0.000000
169 | 0.000000
166 | 0.000100
164 | 0.000000
165 | 0.000000
166 | 0.000000
166 | 0.000000
165 | 0.000100
167 | 0.000100
167 | 0.000100
165 | 0.000100
166 | 0.000100
163 | 0.000100
163 | 0.000000
163 | 0.000000
162 | 0.000000
163 | 0.000000
165 | 0.000100
167 | 0.000000
167 | 0.000100
167 | 0.000000
168 | 0.000100
167 | 0.000100
167 | 0.000000
167 | 0.000100
167 | 0.000000
169 | 0.000000
170 | 0.000000
171 | 0.000100
171 | 0.000000
172 | 0.000000
173 | 0.000100
174 | 0.000100
175 | 0.000100
174 | 0.000100
176 | 0.000100
176 | 0.000100
179 | 0.000100
178 | 0.000000
179 | 0.000100
179 | 0.000100
177 | 0.000100
179 | 0.000100
181 | 0.000100
181 | 0.000100
182 | 0.000000
179 | 0.000000
181 | 0.000000
184 | 0.000100
184 | 0.000000
180 | 0.000000
180 | 0.000100
180 | 0.000000
191 | 0.000000
190 | 0.000000
192 | 0.000100
192 | 0.000000
192 | 0.000100
192 | 0.000000
192 | 0.000000
191 | 0.000100
194 | 0.000100
194 | 0.000000
193 | 0.000000
195 | 0.000100
195 | 0.000000
193 | 0.000100
189 | 0.000000
186 | 0.000000
185 | 0.000100
185 | 0.000100
185 | 0.000100
185 | 0.000100
187 | 0.000100
180 | 0.000000
177 | 0.000000
179 | 0.000100
180 | 0.000100
180 | 0.000000
180 | 0.000000
179 | 0.000000
180 | 0.000100
179 | 0.000000
179 | 0.000100
177 | 0.000000
177 | 0.000100
176 | 0.000000
176 | 0.000000
170 | 0.000000
169 | 0.000000
171 | 0.000000
171 | 0.000100
169 | 0.000100
169 | 0.000000
170 | 0.000000
170 | 0.000000
171 | 0.000000
171 | 0.000000
171 | 0.000100
168 | 0.000100
169 | 0.000100
169 | 0.000000
168 | 0.000000
166 | 0.000000
166 | 0.000000
166 | 0.000000
164 | 0.000100
164 | 0.000100
161 | 0.000100
154 | 0.000000
155 | 0.000100
159 | 0.000100
159 | 0.000100
160 | 0.000000
160 | 0.000000
159 | 0.000000
158 | 0.000000
157 | 0.000000
158 | 0.000000
157 | 0.000000
161 | 0.000100
161 | 0.000000
163 | 0.000100
162 | 0.000100
162 | 0.000100
161 | 0.000000
160 | 0.000000
162 | 0.000000
161 | 0.000100
158 | 0.000000
161 | 0.000000
161 | 0.000000
159 | 0.000000
159 | 0.000000
159 | 0.000000
158 | 0.000100
158 | 0.000000
160 | 0.000000
161 | 0.000100
161 | 0.000000
161 | 0.000000
161 | 0.000000
161 | 0.000000
161 | 0.000000
161 | 0.000100
163 | 0.000000
164 | 0.000000
160 | 0.000000
160 | 0.000100
163 | 0.000000
163 | 0.000000
163 | 0.000000
163 | 0.000000
160 | 0.000000
158 | 0.000000
158 | 0.000100
158 | 0.000100
158 | 0.000100
160 | 0.000100
161 | 0.000000
165 | 0.000100
166 | 0.000100
167 | 0.000100
166 | 0.000000
165 | 0.000000
165 | 0.000000
163 | 0.000100
163 | 0.000000
164 | 0.000100
161 | 0.000100
158 | 0.000100
160 | 0.000000
159 | 0.000100
159 | 0.000000
159 | 0.000100
157 | 0.000000
153 | 0.000000
152 | 0.000000
151 | 0.000000
148 | 0.000100
150 | 0.000000
150 | 0.000100
149 | 0.000000
149 | 0.000100
148 | 0.000100
146 | 0.000000
148 | 0.000000
147 | 0.000100
146 | 0.000100
145 | 0.000000
145 | 0.000000
147 | 0.000000
154 | 0.000100
154 | 0.000000
152 | 0.000100
152 | 0.000100
153 | 0.000100
152 | 0.000000
152 | 0.000000
154 | 0.000000
155 | 0.000000
153 | 0.000100
153 | 0.000100
154 | 0.000000
152 | 0.000100
151 | 0.000000
149 | 0.000000
149 | 0.000000
147 | 0.000000
147 | 0.000100
146 | 0.000000
141 | 0.000000
137 | 0.000000
142 | 0.000100
143 | 0.000100
143 | 0.000000
140 | 0.000100
138 | 0.000000
141 | 0.000000
141 | 0.000000
142 | 0.000000
144 | 0.000000
144 | 0.000000
145 | 0.000000
146 | 0.000000
146 | 0.000100
147 | 0.000100
147 | 0.000100
146 | 0.000000
145 | 0.000000
144 | 0.000000
144 | 0.000100
143 | 0.000100
142 | 0.000000
142 | 0.000000
140 | 0.000100
140 | 0.000100
141 | 0.000000
146 | 0.000100
145 | 0.000000
145 | 0.000000
144 | 0.000000
144 | 0.000000
144 | 0.000000
144 | 0.000000
143 | 0.000000
142 | 0.000000
140 | 0.000100
141 | 0.000000
139 | 0.000100
139 | 0.000100
139 | 0.000000
139 | 0.000100
140 | 0.000100
140 | 0.000100
140 | 0.000100
140 | 0.000100
145 | 0.000000
149 | 0.000000
148 | 0.000000
149 | 0.000100
150 | 0.000000
153 | 0.000000
153 | 0.000100
152 | 0.000100
153 | 0.000000
147 | 0.000000
142 | 0.000000
141 | 0.000100
140 | 0.000000
141 | 0.000000
142 | 0.000000
152 | 0.000100
153 | 0.000000
156 | 0.000000
156 | 0.000000
156 | 0.000100
156 | 0.000000
160 | 0.000100
159 | 0.000100
157 | 0.000100
156 | 0.000000
155 | 0.000000
156 | 0.000100
157 | 0.000000
155 | 0.000100
153 | 0.000100
152 | 0.000000
151 | 0.000100
151 | 0.000100
151 | 0.000000
150 | 0.000100
153 | 0.000100
153 | 0.000000
151 | 0.000100
151 | 0.000100
153 | 0.000000
153 | 0.000000
151 | 0.000000
151 | 0.000000
158 | 0.000000
158 | 0.000100
157 | 0.000000
156 | 0.000000
155 | 0.000100
155 | 0.000100
155 | 0.000000
155 | 0.000000
154 | 0.000100
150 | 0.000000
150 | 0.000000
148 | 0.000000
149 | 0.000000
149 | 0.000100
149 | 0.000100
148 | 0.000100
144 | 0.000000
144 | 0.000100
144 | 0.000000
145 | 0.000000
144 | 0.000000
145 | 0.000100
147 | 0.000000
147 | 0.000000
147 | 0.000000
145 | 0.000100
145 | 0.000100
143 | 0.000100
142 | 0.000000
144 | 0.000000
144 | 0.000100
145 | 0.000000
145 | 0.000000
146 | 0.000100
145 | 0.000000
148 | 0.000000
148 | 0.000000
146 | 0.000000
147 | 0.000000
147 | 0.000000
143 | 0.000100
143 | 0.000000
141 | 0.000100
139 | 0.000100
139 | 0.000000
140 | 0.000100
140 | 0.000100
132 | 0.000000
129 | 0.000000
133 | 0.000000
135 | 0.000100
138 | 0.000000
137 | 0.000000
136 | 0.000000
134 | 0.000000
134 | 0.000100
129 | 0.000100
129 | 0.000100
127 | 0.000100
128 | 0.000100
129 | 0.000100
127 | 0.000000
131 | 0.000000
130 | 0.000000
133 | 0.000000
132 | 0.000100
131 | 0.000000
131 | 0.000000
131 | 0.000000
132 | 0.000100
134 | 0.000100
135 | 0.000100
132 | 0.000100
132 | 0.000100
132 | 0.000000
132 | 0.000000
133 | 0.000000
133 | 0.000000
133 | 0.000000
133 | 0.000100
131 | 0.000000
133 | 0.000100
134 | 0.000000
134 | 0.000000
131 | 0.000000
132 | 0.000000
131 | 0.000100
133 | 0.000000
132 | 0.000000
133 | 0.000100
135 | 0.000000
133 | 0.000100
126 | 0.000100
124 | 0.000000
118 | 0.000000
119 | 0.000000
120 | 0.000000
121 | 0.000100
121 | 0.000000
119 | 0.000000
121 | 0.000100
122 | 0.000100
123 | 0.000100
122 | 0.000000
120 | 0.000100
120 | 0.000000
118 | 0.000100
117 | 0.000000
115 | 0.000000
113 | 0.000000
113 | 0.000100
113 | 0.000000
114 | 0.000100
114 | 0.000000
114 | 0.000000
113 | 0.000000
118 | 0.000100
118 | 0.000100
118 | 0.000100
116 | 0.000100
116 | 0.000100
116 | 0.000100
115 | 0.000100
115 | 0.000000
115 | 0.000000
115 | 0.000000
115 | 0.000100
114 | 0.000100
108 | 0.000100
106 | 0.000000
108 | 0.000100
108 | 0.000100
110 | 0.000100
113 | 0.000100
113 | 0.000000
113 | 0.000000
111 | 0.000100
107 | 0.000000
106 | 0.000100
102 | 0.000000
101 | 0.000000
100 | 0.000000
100 | 0.000000
100 | 0.000000
106 | 0.000000
106 | 0.000000
106 | 0.000000
104 | 0.000100
98 | 0.000100
98 | 0.000000
95 | 0.000100
95 | 0.000000
94 | 0.000100
95 | 0.000000
96 | 0.000000
93 | 0.000100
93 | 0.000000
92 | 0.000000
94 | 0.000000
95 | 0.000000
97 | 0.000000
100 | 0.000000
102 | 0.000100
105 | 0.000000
107 | 0.000000
109 | 0.000000
109 | 0.000000
109 | 0.000000
104 | 0.000100
103 | 0.000000
112 | 0.000000
111 | 0.000000
112 | 0.000000
112 | 0.000000
108 | 0.000100
106 | 0.000100
107 | 0.000000
106 | 0.000100
106 | 0.000000
105 | 0.000000
105 | 0.000100
105 | 0.000000
107 | 0.000000
108 | 0.000100
108 | 0.000000
107 | 0.000100
111 | 0.000000
108 | 0.000000
102 | 0.000100
102 | 0.000100
102 | 0.000000
101 | 0.000100
102 | 0.000000
105 | 0.000000
108 | 0.000000
109 | 0.000000
110 | 0.000100
109 | 0.000100
111 | 0.000000
108 | 0.000100
108 | 0.000100
106 | 0.000000
106 | 0.000100
104 | 0.000000
107 | 0.000000
104 | 0.000100
104 | 0.000100
104 | 0.000100
102 | 0.000000
102 | 0.000000
103 | 0.000100
103 | 0.000000
104 | 0.000000
105 | 0.000100
106 | 0.000000
107 | 0.000000
106 | 0.000100
106 | 0.000100
112 | 0.000000
108 | 0.000000
106 | 0.000100
106 | 0.000100
109 | 0.000000
109 | 0.000000
109 | 0.000000
110 | 0.000100
114 | 0.000100
112 | 0.000000
117 | 0.000000
120 | 0.000000
123 | 0.000000
125 | 0.000000
127 | 0.000000
126 | 0.000100
123 | 0.000000
123 | 0.000100
124 | 0.000100
125 | 0.000000
129 | 0.000000
129 | 0.000100
126 | 0.000100
126 | 0.000000
127 | 0.000100
128 | 0.000100
127 | 0.000000
127 | 0.000000
127 | 0.000000
127 | 0.000000
126 | 0.000000
124 | 0.000000
123 | 0.000100
126 | 0.000100
130 | 0.000100
133 | 0.000000
132 | 0.000100
131 | 0.000000
130 | 0.000000
130 | 0.000100
133 | 0.000100
137 | 0.000000
137 | 0.000000
136 | 0.000100
135 | 0.000000
132 | 0.000000
133 | 0.000000
133 | 0.000000
126 | 0.000000
125 | 0.000100
123 | 0.000100
124 | 0.000000
125 | 0.000000
125 | 0.000100
125 | 0.000100
122 | 0.000000
122 | 0.000100
124 | 0.000000
123 | 0.000000
123 | 0.000100
126 | 0.000000
126 | 0.000000
126 | 0.000000
128 | 0.000100
129 | 0.000000
129 | 0.000100
128 | 0.000100
128 | 0.000000
131 | 0.000000
131 | 0.000000
133 | 0.000000
130 | 0.000000
133 | 0.000000
135 | 0.000100
134 | 0.000000
136 | 0.000000
135 | 0.000000
135 | 0.000100
135 | 0.000000
137 | 0.000100
140 | 0.000100
143 | 0.000000
142 | 0.000000
143 | 0.000100
143 | 0.000100
143 | 0.000100
143 | 0.000000
142 | 0.000100
143 | 0.000000
142 | 0.000000
144 | 0.000000
144 | 0.000000
145 | 0.000000
147 | 0.000100
147 | 0.000000
148 | 0.000000
148 | 0.000100
147 | 0.000000
146 | 0.000100
146 | 0.000000
142 | 0.000000
140 | 0.000000
139 | 0.000100
138 | 0.000000
134 | 0.000100
135 | 0.000100
135 | 0.000100
135 | 0.000000
133 | 0.000100
132 | 0.000100
132 | 0.000000
132 | 0.000000
133 | 0.000000
133 | 0.000000
133 | 0.000000
133 | 0.000100
133 | 0.000100
134 | 0.000000
134 | 0.000100
135 | 0.000100
135 | 0.000100
134 | 0.000100
134 | 0.000100
134 | 0.000000
134 | 0.000100
137 | 0.000100
137 | 0.000000
136 | 0.000000
136 | 0.000100
136 | 0.000100
135 | 0.000100
134 | 0.000000
134 | 0.000000
135 | 0.000000
134 | 0.000000
131 | 0.000100
131 | 0.000000
132 | 0.000100
130 | 0.000100
129 | 0.000100
129 | 0.000000
130 | 0.000000
130 | 0.000100
130 | 0.000000
130 | 0.000100
130 | 0.000100
130 | 0.000100
129 | 0.000100
129 | 0.000100
129 | 0.000100
129 | 0.000000
128 | 0.000100
129 | 0.000100
130 | 0.000100
130 | 0.000100
131 | 0.000100
131 | 0.000100
129 | 0.000100
130 | 0.000100
130 | 0.000100
131 | 0.000100
132 | 0.000100
132 | 0.000100
132 | 0.000100
136 | 0.000100
137 | 0.000100
141 | 0.000100
143 | 0.000000
140 | 0.000000
139 | 0.000100
139 | 0.000100
138 | 0.000100
141 | 0.000100
141 | 0.000100
141 | 0.000100
141 | 0.000100
142 | 0.000100
145 | 0.000100
143 | 0.000100
143 | 0.000000
143 | 0.000100
144 | 0.000000
147 | 0.000100
147 | 0.000100
146 | 0.000000
146 | 0.000100
145 | 0.000100
141 | 0.000100
138 | 0.000100
138 | 0.000100
140 | 0.000100
141 | 0.000000
141 | 0.000000
141 | 0.000100
141 | 0.000100
141 | 0.000000
140 | 0.000000
138 | 0.000000
139 | 0.000000
139 | 0.000000
138 | 0.000000
140 | 0.000000
139 | 0.000000
138 | 0.000000
137 | 0.000000
135 | 0.000000
137 | 0.000000
135 | 0.000000
135 | 0.000000
135 | 0.000000
136 | 0.000000
135 | 0.000100
137 | 0.000100
137 | 0.000000
139 | 0.000000
135 | 0.000000
136 | 0.000100
140 | 0.000000
135 | 0.000000
135 | 0.000000
134 | 0.000000
137 | 0.000000
135 | 0.000000
139 | 0.000100
139 | 0.000000
138 | 0.000000
140 | 0.000000
140 | 0.000000
141 | 0.000000
141 | 0.000000
141 | 0.000000
141 | 0.000100
138 | 0.000000
137 | 0.000000
133 | 0.000000
132 | 0.000000
129 | 0.000000
125 | 0.000100
125 | 0.000000
125 | 0.000000
125 | 0.000100
125 | 0.000000
124 | 0.000100
124 | 0.000000
124 | 0.000000
121 | 0.000000
121 | 0.000000
121 | 0.000000
121 | 0.000000
124 | 0.000000
117 | 0.000100
118 | 0.000100
119 | 0.000000
121 | 0.000000
122 | 0.000100
121 | 0.000100
120 | 0.000100
120 | 0.000000
121 | 0.000100
117 | 0.000000
117 | 0.000000
116 | 0.000100
118 | 0.000100
120 | 0.000000
121 | 0.000000
121 | 0.000100
120 | 0.000000
122 | 0.000000
121 | 0.000100
121 | 0.000000
121 | 0.000000
121 | 0.000100
121 | 0.000000
122 | 0.000100
122 | 0.000100
122 | 0.000000
122 | 0.000000
122 | 0.000100
122 | 0.000100
126 | 0.000000
127 | 0.000000
125 | 0.000000
130 | 0.000000
131 | 0.000100
129 | 0.000100
126 | 0.000000
126 | 0.000000
130 | 0.000100
130 | 0.000100
130 | 0.000000
133 | 0.000000
139 | 0.000000
140 | 0.000000
141 | 0.000000
141 | 0.000100
147 | 0.000000
147 | 0.000000
147 | 0.000000
149 | 0.000000
149 | 0.000100
144 | 0.000100
142 | 0.000000
143 | 0.000000
143 | 0.000100
143 | 0.000100
144 | 0.000100
144 | 0.000000
148 | 0.000100
147 | 0.000000
147 | 0.000000
146 | 0.000100
148 | 0.000000
145 | 0.000100
144 | 0.000000
146 | 0.000100
146 | 0.000100
146 | 0.000000
146 | 0.000100
147 | 0.000000
148 | 0.000000
149 | 0.000100
152 | 0.000000
150 | 0.000100
149 | 0.000000
150 | 0.000000
150 | 0.000100
150 | 0.000000
153 | 0.000000
154 | 0.000100
156 | 0.000100
156 | 0.000100
156 | 0.000100
157 | 0.000000
158 | 0.000100
159 | 0.000000
159 | 0.000100
160 | 0.000100
161 | 0.000000
161 | 0.000100
161 | 0.000100
161 | 0.000000
162 | 0.000000
161 | 0.000100
162 | 0.000000
156 | 0.000000
156 | 0.000100
155 | 0.000000
155 | 0.000100
154 | 0.000100
154 | 0.000000
158 | 0.000000
158 | 0.000100
160 | 0.000000
161 | 0.000000
166 | 0.000100
165 | 0.000000
165 | 0.000000
165 | 0.000100
165 | 0.000100
164 | 0.000000
165 | 0.000100
166 | 0.000100
167 | 0.000000
167 | 0.000000
167 | 0.000000
171 | 0.000100
171 | 0.000000
172 | 0.000100
172 | 0.000100
173 | 0.000000
174 | 0.000000
173 | 0.000100
172 | 0.000100
170 | 0.000000
169 | 0.000000
167 | 0.000100
171 | 0.000000
171 | 0.000000
171 | 0.000000
175 | 0.000000
175 | 0.000000
177 | 0.000000
176 | 0.000000
177 | 0.000000
180 | 0.000000
181 | 0.000000
181 | 0.000000
180 | 0.000100
179 | 0.000000
178 | 0.000100
181 | 0.000100
179 | 0.000000
177 | 0.000000
177 | 0.000000
180 | 0.000000
180 | 0.000100
178 | 0.000000
178 | 0.000000
178 | 0.000000
180 | 0.000100
179 | 0.000000
178 | 0.000000
178 | 0.000100
176 | 0.000000
175 | 0.000000
175 | 0.000000
176 | 0.000000
175 | 0.000000
177 | 0.000100
177 | 0.000000
172 | 0.000100
173 | 0.000100
172 | 0.000000
170 | 0.000000
171 | 0.000000
171 | 0.000000
171 | 0.000000
170 | 0.000000
167 | 0.000100
167 | 0.000000
167 | 0.000000
170 | 0.000100
169 | 0.000100
169 | 0.000100
164 | 0.000000
165 | 0.000000
164 | 0.000000
162 | 0.000100
162 | 0.000100
162 | 0.000000
162 | 0.000000
162 | 0.000100
160 | 0.000000
159 | 0.000000
159 | 0.000100
157 | 0.000000
157 | 0.000000
158 | 0.000100
154 | 0.000100
150 | 0.000100
148 | 0.000000
150 | 0.000000
148 | 0.000000
150 | 0.000000
150 | 0.000000
148 | 0.000000
148 | 0.000000
147 | 0.000100
143 | 0.000000
142 | 0.000000
141 | 0.000100
145 | 0.000100
145 | 0.000000
147 | 0.000100
148 | 0.000000
146 | 0.000000
144 | 0.000000
147 | 0.000000
145 | 0.000000
147 | 0.000000
142 | 0.000100
142 | 0.000000
142 | 0.000000
142 | 0.000100
142 | 0.000100
146 | 0.000100
150 | 0.000000
151 | 0.000100
151 | 0.000000
150 | 0.000100
149 | 0.000000
149 | 0.000100
148 | 0.000100
148 | 0.000100
141 | 0.000100
143 | 0.000000
144 | 0.000000
144 | 0.000100
143 | 0.000000
144 | 0.000000
141 | 0.000100
143 | 0.000000
142 | 0.000000
146 | 0.000100
146 | 0.000000
146 | 0.000100
148 | 0.000000
148 | 0.000000
149 | 0.000000
149 | 0.000000
149 | 0.000000
148 | 0.000100
146 | 0.000100
147 | 0.000000
145 | 0.000000
147 | 0.000000
146 | 0.000100
146 | 0.000100
150 | 0.000100
150 | 0.000000
151 | 0.000000
148 | 0.000000
148 | 0.000000
148 | 0.000100
147 | 0.000100
146 | 0.000100
147 | 0.000000
147 | 0.000100
147 | 0.000100
146 | 0.000100
153 | 0.000000
153 | 0.000100
152 | 0.000100
152 | 0.000000
147 | 0.000000
147 | 0.000100
148 | 0.000000
150 | 0.000100
152 | 0.000000
153 | 0.000100
153 | 0.000000
155 | 0.000000
154 | 0.000100
155 | 0.000000
154 | 0.000100
154 | 0.000000
151 | 0.000100
152 | 0.000000
152 | 0.000000
152 | 0.000000
151 | 0.000100
151 | 0.000100
152 | 0.000100
153 | 0.000000
156 | 0.000100
155 | 0.000100
156 | 0.000000
152 | 0.000000
152 | 0.000000
149 | 0.000100
149 | 0.000100
149 | 0.000000
150 | 0.000100
147 | 0.000100
147 | 0.000000
147 | 0.000100
146 | 0.000000
147 | 0.000000
151 | 0.000000
151 | 0.000000
150 | 0.000000
150 | 0.000100
150 | 0.000100
153 | 0.000000
152 | 0.000100
150 | 0.000100
150 | 0.000100
149 | 0.000100
149 | 0.000000
149 | 0.000100
150 | 0.000000
149 | 0.000100
148 | 0.000000
153 | 0.000100
153 | 0.000000
151 | 0.000000
150 | 0.000000
149 | 0.000100
148 | 0.000100
150 | 0.000000
149 | 0.000000
153 | 0.000000
149 | 0.000000
148 | 0.000100
145 | 0.000100
146 | 0.000100
145 | 0.000000
137 | 0.000100
133 | 0.000000
133 | 0.000100
137 | 0.000000
138 | 0.000100
139 | 0.000000
140 | 0.000000
139 | 0.000000
141 | 0.000100
141 | 0.000100
141 | 0.000100
142 | 0.000000
139 | 0.000000
135 | 0.000100
135 | 0.000100
135 | 0.000000
138 | 0.000000
135 | 0.000000
135 | 0.000100
138 | 0.000100
138 | 0.000000
137 | 0.000100
131 | 0.000000
131 | 0.000000
132 | 0.000000
133 | 0.000100
131 | 0.000000
131 | 0.000100
128 | 0.000000
128 | 0.000100
131 | 0.000000
132 | 0.000000
132 | 0.000000
129 | 0.000100
129 | 0.000100
131 | 0.000000
131 | 0.000100
129 | 0.000000
127 | 0.000000
125 | 0.000000
126 | 0.000000
125 | 0.000000
122 | 0.000000
118 | 0.000100
119 | 0.000000
119 | 0.000100
117 | 0.000100
118 | 0.000000
118 | 0.000000
119 | 0.000000
119 | 0.000100
119 | 0.000000
119 | 0.000100
107 | 0.000100
107 | 0.000000
107 | 0.000000
106 | 0.000100
106 | 0.000000
108 | 0.000000
108 | 0.000100
107 | 0.000000
110 | 0.000000
109 | 0.000100
109 | 0.000100
109 | 0.000000
109 | 0.000000
110 | 0.000100
111 | 0.000100
111 | 0.000000
111 | 0.000000
111 | 0.000000
108 | 0.000100
108 | 0.000000
107 | 0.000100
105 | 0.000100
107 | 0.000000
107 | 0.000100
108 | 0.000000
109 | 0.000000
108 | 0.000000
108 | 0.000000
108 | 0.000100
107 | 0.000100
105 | 0.000100
105 | 0.000000
103 | 0.000000
103 | 0.000000
102 | 0.000000
101 | 0.000000
104 | 0.000000
104 | 0.000000
107 | 0.000000
107 | 0.000000
106 | 0.000000
106 | 0.000000
108 | 0.000100
109 | 0.000000
109 | 0.000100
112 | 0.000000
111 | 0.000100
118 | 0.000000
117 | 0.000000
116 | 0.000100
116 | 0.000000
116 | 0.000100
116 | 0.000100
115 | 0.000000
115 | 0.000100
115 | 0.000000
114 | 0.000100
114 | 0.000000
116 | 0.000000
116 | 0.000000
120 | 0.000100
114 | 0.000000
115 | 0.000000
115 | 0.000000
115 | 0.000100
114 | 0.000000
114 | 0.000000
112 | 0.000000
112 | 0.000100
113 | 0.000100
114 | 0.000000
113 | 0.000100
113 | 0.000100
114 | 0.000100
112 | 0.000100
112 | 0.000000
112 | 0.000000
110 | 0.000100
110 | 0.000100
111 | 0.000100
115 | 0.000000
108 | 0.000100
108 | 0.000100
108 | 0.000100
108 | 0.000000
108 | 0.000100
107 | 0.000100
105 | 0.000000
106 | 0.000000
105 | 0.000000
107 | 0.000100
107 | 0.000100
108 | 0.000000
108 | 0.000100
108 | 0.000100
108 | 0.000100
110 | 0.000100
112 | 0.000100
115 | 0.000100
115 | 0.000000
114 | 0.000100
112 | 0.000000
112 | 0.000000
112 | 0.000000
110 | 0.000100
109 | 0.000000
115 | 0.000000
119 | 0.000100
117 | 0.000000
117 | 0.000100
117 | 0.000100
117 | 0.000100
117 | 0.000000
117 | 0.000000
120 | 0.000100
121 | 0.000000
120 | 0.000000
121 | 0.000000
122 | 0.000000
119 | 0.000000
118 | 0.000000
120 | 0.000000
121 | 0.000000
119 | 0.000100
120 | 0.000100
120 | 0.000000
120 | 0.000100
122 | 0.000100
121 | 0.000000
119 | 0.000100
121 | 0.000100
120 | 0.000000
120 | 0.000100
121 | 0.000000
122 | 0.000000
121 | 0.000000
121 | 0.000000
121 | 0.000000
120 | 0.000100
120 | 0.000100
121 | 0.000000
122 | 0.000000
123 | 0.000100
123 | 0.000100
121 | 0.000100
121 | 0.000000
117 | 0.000100
118 | 0.000100
119 | 0.000100
121 | 0.000000
121 | 0.000000
122 | 0.000000
123 | 0.000100
122 | 0.000000
122 | 0.000000
117 | 0.000100
117 | 0.000000
115 | 0.000100
112 | 0.000000
111 | 0.000000
112 | 0.000100
113 | 0.000100
112 | 0.000000
113 | 0.000000
114 | 0.000100
114 | 0.000000
114 | 0.000000
113 | 0.000100
113 | 0.000100
115 | 0.000100
116 | 0.000100
116 | 0.000100
116 | 0.000100
113 | 0.000100
112 | 0.000100
111 | 0.000100
114 | 0.000100
115 | 0.000000
115 | 0.000000
115 | 0.000000
115 | 0.000000
115 | 0.000100
116 | 0.000000
116 | 0.000000
118 | 0.000100
117 | 0.000100
115 | 0.000100
115 | 0.000000
115 | 0.000000
115 | 0.000000
115 | 0.000100
113 | 0.000000
113 | 0.000000
113 | 0.000000
114 | 0.000000
114 | 0.000100
114 | 0.000000
114 | 0.000100
112 | 0.000100
112 | 0.000000
110 | 0.000000
110 | 0.000000
111 | 0.000100
112 | 0.000100
112 | 0.000100
112 | 0.000000
112 | 0.000000
113 | 0.000000
110 | 0.000100
111 | 0.000000
111 | 0.000100
112 | 0.000100
112 | 0.000000
112 | 0.000000
110 | 0.000000
108 | 0.000100
106 | 0.000000
105 | 0.000000
103 | 0.000000
102 | 0.000100
104 | 0.000100
106 | 0.000100
110 | 0.000000
111 | 0.000100
111 | 0.000100
110 | 0.000000
109 | 0.000000
109 | 0.000100
106 | 0.000000
106 | 0.000100
100 | 0.000100
101 | 0.000100
97 | 0.000000
94 | 0.000100
94 | 0.000000
94 | 0.000000
94 | 0.000000
93 | 0.000000
98 | 0.000100
97 | 0.000000
99 | 0.000100
98 | 0.000100
99 | 0.000100
98 | 0.000000
95 | 0.000100
94 | 0.000000
95 | 0.000100
94 | 0.000100
93 | 0.000000
94 | 0.000000
109 | 0.000000
112 | 0.000000
113 | 0.000100
112 | 0.000000
112 | 0.000000
112 | 0.000000
111 | 0.000000
112 | 0.000000
115 | 0.000000
115 | 0.000000
114 | 0.000000
113 | 0.000100
115 | 0.000100
112 | 0.000000
112 | 0.000000
111 | 0.000100
111 | 0.000100
107 | 0.000100
105 | 0.000000
105 | 0.000000
102 | 0.000000
103 | 0.000000
103 | 0.000000
104 | 0.000000
105 | 0.000000
107 | 0.000000
108 | 0.000000
111 | 0.000100
107 | 0.000100
107 | 0.000000
105 | 0.000100
105 | 0.000000
104 | 0.000000
104 | 0.000000
104 | 0.000000
106 | 0.000100
106 | 0.000100
104 | 0.000000
104 | 0.000000
107 | 0.000100
110 | 0.000000
110 | 0.000100
113 | 0.000000
113 | 0.000100
112 | 0.000100
115 | 0.000000
115 | 0.000100
115 | 0.000000
116 | 0.000100
116 | 0.000000
115 | 0.000100
115 | 0.000100
118 | 0.000000
117 | 0.000000
117 | 0.000000
114 | 0.000000
112 | 0.000100
111 | 0.000000
111 | 0.000000
109 | 0.000100
108 | 0.000100
110 | 0.000000
110 | 0.000100
113 | 0.000000
111 | 0.000000
114 | 0.000000
112 | 0.000000
113 | 0.000000
113 | 0.000000
114 | 0.000100
115 | 0.000100
117 | 0.000000
119 | 0.000000
119 | 0.000000
119 | 0.000000
118 | 0.000000
119 | 0.000000
123 | 0.000100
119 | 0.000100
112 | 0.000100
112 | 0.000100
112 | 0.000100
111 | 0.000100
111 | 0.000000
111 | 0.000000
108 | 0.000100
108 | 0.000000
108 | 0.000100
109 | 0.000100
108 | 0.000000
107 | 0.000100
107 | 0.000100
106 | 0.000100
106 | 0.000100
104 | 0.000000
105 | 0.000000
105 | 0.000000
105 | 0.000100
105 | 0.000000
101 | 0.000100
100 | 0.000100
100 | 0.000000
99 | 0.000100
99 | 0.000000
98 | 0.000100
97 | 0.000100
97 | 0.000000
96 | 0.000100
96 | 0.000000
93 | 0.000000
93 | 0.000100
93 | 0.000100
93 | 0.000100
90 | 0.000100
89 | 0.000100
88 | 0.000100
90 | 0.000000
93 | 0.000000
95 | 0.000000
96 | 0.000100
96 | 0.000100
97 | 0.000000
95 | 0.000100
95 | 0.000000
95 | 0.000100
94 | 0.000100
92 | 0.000100
93 | 0.000000
95 | 0.000000
95 | 0.000100
98 | 0.000000
95 | 0.000000
96 | 0.000000
94 | 0.000000
93 | 0.000000
94 | 0.000100
94 | 0.000000
92 | 0.000100
91 | 0.000000
91 | 0.000100
92 | 0.000000
94 | 0.000100
95 | 0.000000
94 | 0.000100
96 | 0.000000
96 | 0.000100
93 | 0.000100
96 | 0.000000
95 | 0.000000
93 | 0.000000
95 | 0.000000
93 | 0.000000
93 | 0.000000
93 | 0.000100
92 | 0.000100
88 | 0.000000
88 | 0.000000
86 | 0.000000
85 | 0.000000
85 | 0.000000
84 | 0.000000
84 | 0.000000
87 | 0.000100
87 | 0.000000
88 | 0.000100
88 | 0.000100
89 | 0.000100
88 | 0.000000
90 | 0.000000
90 | 0.000000
91 | 0.000000
96 | 0.000000
95 | 0.000000
97 | 0.000000
100 | 0.000000
98 | 0.000100
102 | 0.000000
99 | 0.000000
101 | 0.000000
99 | 0.000000
99 | 0.000000
98 | 0.000100
97 | 0.000100
96 | 0.000000
95 | 0.000000
95 | 0.000000
95 | 0.000100
95 | 0.000100
94 | 0.000100
95 | 0.000000
94 | 0.000100
92 | 0.000000
97 | 0.000100
96 | 0.000100
97 | 0.000100
97 | 0.000100
102 | 0.000100
99 | 0.000000
100 | 0.000100
98 | 0.000100
96 | 0.000000
97 | 0.000100
100 | 0.000100
100 | 0.000100
100 | 0.000000
99 | 0.000000
101 | 0.000100
101 | 0.000000
100 | 0.000000
95 | 0.000000
94 | 0.000100
94 | 0.000100
92 | 0.000100
85 | 0.000100
84 | 0.000000
83 | 0.000100
84 | 0.000100
86 | 0.000100
87 | 0.000000
85 | 0.000100
84 | 0.000100
85 | 0.000100
88 | 0.000000
88 | 0.000100
88 | 0.000000
